"CustomerID","Gender","Age","Partner","Dependents","Tenure","MultipleLines","InternetService","OnlineProtect","TechSupport","Streaming","Outage","ContractType","MonthlyCharges","Churn","Pilot"
"7590-VHVEG","Female",19,"Yes","No",1,0,"DSL",2,2,0,"Occasional",1,29.85,"No",1
"5575-GNVDE","Male",38,"No","No",34,1,"5G",1,2,0,"Occasional",12,56.95,"No",1
"3668-QPYBK","Male",55,"No","No",2,1,"5G",3,2,0,"Frequent",1,53.85,"Yes",1
"7795-CFOCW","Male",24,"No","No",45,0,"5G",1,3,0,"Frequent",12,42.3,"No",1
"9237-HQITU","Female",35,"No","No",2,1,"DSL",0,2,0,"Frequent",1,70.7,"Yes",1
"9305-CDSKC","Female",44,"No","No",8,2,"5G",0,2,3,"Frequent",1,99.65,"Yes",1
"1452-KIOVK","Male",32,"No","Yes",22,2,"5G",2,2,1,"Occasional",1,89.1,"No",1
"6713-OKOMC","Female",49,"No","No",10,0,"5G",1,2,0,"Occasional",1,29.75,"No",1
"7892-POOKP","Female",33,"Yes","No",28,2,"DSL",0,3,3,"Occasional",1,104.8,"Yes",1
"6388-TABGU","Male",35,"No","Yes",62,1,"5G",3,2,0,"Occasional",12,56.15,"No",1
"9763-GRSKD","Male",36,"Yes","Yes",13,1,"5G",1,2,0,"Occasional",1,49.95,"No",1
"7469-LKBCI","Male",21,"No","No",16,1,"5G",0,1,0,"Occasional",24,18.95,"No",1
"8091-TTVAX","Male",42,"Yes","No",58,2,"DSL",0,2,3,"Occasional",12,100.35,"No",1
"0280-XJGEX","Male",43,"No","No",49,2,"5G",2,2,3,"Frequent",1,103.7,"Yes",1
"5129-JLPIS","Male",20,"No","No",25,1,"5G",1,3,3,"Occasional",1,105.5,"No",1
"3655-SNQYZ","Female",29,"Yes","Yes",69,2,"5G",3,3,3,"Occasional",24,113.25,"No",1
"8191-XWSZG","Female",48,"No","No",52,1,"5G",0,1,0,"Occasional",12,20.65,"No",1
"9959-WOFKT","Male",29,"No","Yes",71,2,"5G",1,2,3,"Occasional",24,106.7,"No",1
"4190-MFLUW","Female",25,"Yes","Yes",10,1,"5G",0,3,0,"Occasional",1,55.2,"Yes",1
"4183-MYFRB","Female",24,"No","No",21,1,"5G",2,2,2,"Occasional",1,90.05,"No",1
"8779-QRDMV","Male",79,"No","No",1,0,"5G",0,2,2,"Frequent",1,39.65,"Yes",1
"1680-VDCWW","Male",49,"No","No",12,1,"5G",0,1,0,"Frequent",12,19.8,"No",1
"1066-JKSGK","Male",56,"No","No",1,1,"5G",0,1,0,"Occasional",1,20.15,"Yes",1
"3638-WEABW","Female",45,"Yes","No",58,2,"5G",2,3,0,"Occasional",24,59.9,"No",1
"6322-HRPFA","Male",52,"Yes","Yes",49,1,"5G",3,3,0,"Occasional",1,59.6,"No",1
"6865-JZNKO","Female",36,"No","No",30,1,"5G",3,2,0,"Occasional",1,55.3,"No",1
"6467-CHFZW","Male",29,"Yes","Yes",47,2,"5G",2,2,3,"Frequent",1,99.35,"Yes",1
"8665-UTDHZ","Male",20,"Yes","Yes",1,0,"5G",2,2,0,"Frequent",1,30.2,"Yes",1
"5248-YGIJN","Male",27,"Yes","No",72,2,"5G",3,3,3,"Occasional",24,90.25,"No",1
"8773-HHUOZ","Female",41,"No","Yes",17,1,"5G",0,2,3,"Frequent",1,64.7,"Yes",1
"3841-NFECX","Female",80,"Yes","No",71,2,"5G",3,3,0,"Occasional",24,96.35,"No",1
"4929-XIHVW","Male",79,"Yes","No",2,1,"5G",0,2,3,"Occasional",1,95.5,"No",1
"6827-IEAUQ","Female",48,"Yes","Yes",27,1,"5G",3,3,0,"Occasional",12,66.15,"No",1
"7310-EGVHZ","Male",20,"No","No",1,1,"5G",0,1,0,"Occasional",1,20.2,"No",1
"3413-BMNZE","Male",73,"No","No",1,1,"5G",0,2,0,"Occasional",1,45.25,"No",1
"6234-RAAPL","Female",34,"Yes","Yes",72,2,"5G",3,3,1,"Occasional",24,99.9,"No",1
"6047-YHPVI","Male",61,"No","No",5,1,"5G",0,2,0,"Frequent",1,69.7,"Yes",1
"6572-ADKRS","Female",34,"No","No",46,1,"DSL",0,2,0,"Occasional",1,74.8,"No",1
"5380-WJKOV","Male",20,"No","No",34,2,"5G",2,2,3,"Occasional",1,106.35,"Yes",1
"8168-UQWWF","Female",34,"No","No",11,2,"5G",0,2,3,"Frequent",1,97.85,"Yes",1
"8865-TNMNX","Male",52,"No","No",10,1,"5G",2,2,0,"Occasional",12,49.55,"No",1
"9489-DEDVP","Female",29,"Yes","Yes",70,2,"DSL",3,2,1,"Occasional",24,69.2,"No",1
"9867-JCZSP","Female",22,"Yes","Yes",17,1,"DSL",0,1,0,"Occasional",12,20.75,"No",1
"4671-VJLCL","Female",52,"No","No",63,2,"5G",3,3,1,"Occasional",24,79.85,"No",1
"4080-IIARD","Female",34,"Yes","No",13,2,"5G",3,3,1,"Occasional",1,76.2,"No",1
"3714-NTNFO","Female",64,"No","No",49,2,"DSL",0,2,2,"Occasional",1,84.5,"No",1
"5948-UJZLF","Male",40,"No","No",2,1,"5G",2,2,0,"Occasional",1,49.25,"No",1
"7760-OYPDY","Female",26,"No","No",2,1,"5G",0,2,1,"Occasional",1,80.65,"Yes",1
"7639-LIAYI","Male",55,"No","No",52,2,"5G",1,3,3,"Occasional",24,79.75,"No",1
"2954-PIBKO","Female",26,"Yes","Yes",69,2,"5G",1,3,0,"Occasional",24,64.15,"No",1
"8012-SOUDQ","Female",72,"No","No",43,2,"DSL",2,2,1,"Occasional",1,90.25,"No",1
"9420-LOJKX","Female",40,"No","No",15,1,"5G",3,2,3,"Frequent",1,99.1,"Yes",1
"6575-SUVOI","Female",70,"Yes","No",25,2,"5G",1,3,1,"Occasional",1,69.5,"No",1
"7495-OOKFY","Female",67,"Yes","No",8,2,"5G",2,2,0,"Frequent",1,80.65,"Yes",1
"4667-QONEA","Female",82,"Yes","Yes",60,1,"5G",3,3,2,"Occasional",12,74.85,"No",1
"1658-BYGOY","Male",89,"No","No",18,2,"5G",0,2,3,"Occasional",1,95.45,"Yes",1
"8769-KKTPH","Female",49,"Yes","Yes",63,2,"5G",1,2,3,"Occasional",12,99.65,"No",1
"5067-XJQFU","Male",88,"Yes","Yes",66,2,"5G",2,3,3,"Occasional",12,108.45,"No",1
"3957-SQXML","Female",44,"No","No",34,2,"5G",0,1,0,"Frequent",24,24.95,"No",1
"5954-BDFSG","Female",58,"No","No",72,2,"5G",0,3,3,"Occasional",24,107.5,"No",1
"0434-CSFON","Female",58,"Yes","No",47,2,"5G",0,2,3,"Occasional",1,100.5,"No",1
"1215-FIGMP","Male",20,"No","No",60,2,"5G",2,2,1,"Occasional",1,89.9,"No",1
"0526-SXDJP","Male",49,"Yes","No",72,0,"5G",3,2,0,"Occasional",24,42.1,"No",1
"0557-ASKVU","Female",49,"Yes","Yes",18,1,"5G",0,3,0,"Occasional",12,54.4,"No",1
"5698-BQJOH","Female",24,"No","No",9,2,"5G",0,2,3,"Frequent",1,94.4,"Yes",1
"5122-CYFXA","Female",53,"No","No",3,1,"DSL",2,3,3,"Occasional",1,75.3,"No",1
"8627-ZYGSZ","Male",46,"Yes","No",47,2,"5G",2,2,0,"Occasional",12,78.9,"No",1
"3410-YOQBQ","Female",58,"No","No",31,1,"5G",2,3,3,"Occasional",24,79.2,"No",1
"3170-NMYVV","Female",19,"Yes","Yes",50,1,"DSL",0,1,0,"Occasional",24,20.15,"No",1
"7410-OIEDU","Male",53,"No","No",10,1,"5G",1,2,0,"Occasional",1,79.85,"No",1
"2273-QCKXA","Male",39,"No","No",1,1,"DSL",0,3,0,"Occasional",1,49.05,"No",1
"0731-EBJQB","Female",62,"No","No",52,1,"5G",0,1,0,"Frequent",12,20.4,"No",1
"1891-QRQSA","Male",77,"Yes","Yes",64,2,"5G",1,3,3,"Occasional",24,111.6,"No",1
"8028-PNXHQ","Male",20,"Yes","Yes",62,2,"5G",0,1,0,"Occasional",24,24.25,"No",1
"5630-AHZIL","Female",31,"No","Yes",3,1,"5G",1,3,2,"Occasional",1,64.5,"No",1
"2673-CXQEU","Female",77,"No","No",56,2,"DSL",3,2,3,"Occasional",12,110.5,"No",1
"6416-JNVRK","Female",35,"No","No",46,1,"5G",0,2,2,"Occasional",12,55.65,"No",1
"5590-ZSKRV","Female",62,"Yes","Yes",8,1,"5G",3,2,0,"Occasional",1,54.65,"No",1
"0191-ZHSKZ","Male",82,"No","No",30,1,"5G",3,2,3,"Occasional",1,74.75,"No",1
"3887-PBQAO","Female",65,"No","No",45,2,"5G",0,1,0,"Frequent",12,25.9,"No",1
"5919-TMRGD","Female",49,"No","Yes",1,1,"5G",0,2,1,"Occasional",1,79.35,"Yes",1
"8108-UXRQN","Female",28,"Yes","Yes",11,0,"5G",1,2,3,"Occasional",1,50.55,"No",1
"9191-MYQKX","Female",34,"Yes","No",7,1,"5G",0,2,0,"Frequent",1,75.15,"Yes",1
"9919-YLNNG","Female",28,"No","No",42,1,"5G",2,3,3,"Occasional",1,103.8,"No",1
"0318-ZOPWS","Female",43,"No","No",49,1,"5G",0,1,0,"Frequent",24,20.15,"No",1
"4445-ZJNMU","Male",39,"No","No",9,2,"5G",2,2,3,"Occasional",1,99.3,"No",1
"4808-YNLEU","Female",20,"Yes","No",35,1,"DSL",1,2,1,"Frequent",12,62.15,"No",1
"1862-QRWPE","Female",53,"No","No",48,1,"5G",0,1,0,"Occasional",24,20.65,"No",1
"2796-NNUFI","Female",22,"Yes","Yes",46,1,"5G",0,1,0,"Occasional",24,19.95,"No",1
"3016-KSVCP","Male",53,"No","No",29,0,"5G",0,2,1,"Occasional",1,33.75,"No",1
"4767-HZZHQ","Male",25,"Yes","Yes",30,1,"5G",2,2,0,"Occasional",1,82.05,"No",1
"2424-WVHPL","Male",81,"No","No",1,1,"5G",0,3,0,"Occasional",1,74.7,"No",1
"7233-PAHHL","Male",37,"Yes","Yes",66,2,"5G",1,3,3,"Occasional",24,84,"No",1
"6067-NGCEU","Female",41,"No","No",65,2,"5G",3,2,3,"Occasional",1,111.05,"No",1
"9848-JQJTX","Male",23,"No","No",72,2,"5G",2,2,3,"Occasional",24,100.9,"No",1
"8637-XJIVR","Female",35,"No","No",12,2,"5G",1,2,0,"Frequent",1,78.95,"Yes",1
"9803-FTJCG","Male",28,"Yes","Yes",71,2,"5G",3,3,0,"Occasional",12,66.85,"No",1
"0278-YXOOG","Male",20,"No","No",5,1,"5G",0,1,0,"Occasional",1,21.05,"Yes",1
"3212-KXOCR","Male",22,"No","No",52,1,"5G",0,1,0,"Occasional",24,21,"No",1
"4598-XLKNJ","Female",68,"Yes","No",25,1,"5G",2,2,3,"Frequent",1,98.5,"Yes",1
"6380-ARCEH","Male",21,"No","No",1,1,"5G",0,1,0,"Occasional",1,20.2,"No",1
"3679-XASPY","Female",48,"No","No",1,1,"DSL",0,1,0,"Occasional",1,19.45,"No",1
"7123-WQUHX","Male",52,"No","No",38,2,"5G",0,3,1,"Occasional",12,95,"No",1
"5386-THSLQ","Female",79,"Yes","No",66,0,"5G",2,2,1,"Occasional",12,45.55,"No",1
"3192-NQECA","Male",28,"Yes","No",68,2,"5G",2,3,3,"Occasional",24,110,"Yes",1
"6180-YBIQI","Male",43,"No","No",5,0,"5G",0,2,0,"Occasional",1,24.3,"No",1
"6728-DKUCO","Female",26,"Yes","Yes",72,2,"5G",3,2,3,"Occasional",12,104.15,"No",1
"9750-BOOHV","Female",39,"No","No",32,0,"5G",1,2,0,"Occasional",12,30.15,"No",1
"8597-CWYHH","Male",50,"No","No",43,2,"5G",0,2,3,"Occasional",12,94.35,"No",1
"2848-YXSMW","Male",39,"No","No",72,1,"5G",0,1,0,"Occasional",24,19.4,"No",1
"0486-HECZI","Male",34,"Yes","No",55,2,"5G",3,2,1,"Occasional",1,96.75,"Yes",1
"4549-ZDQYY","Female",36,"No","No",52,1,"5G",1,3,0,"Occasional",12,57.95,"No",1
"5712-AHQNN","Female",57,"No","No",43,1,"5G",2,2,1,"Occasional",1,91.65,"No",1
"4846-WHAFZ","Female",86,"Yes","No",37,2,"5G",0,2,0,"Frequent",1,76.5,"Yes",1
"5256-SKJGO","Female",60,"Yes","Yes",64,0,"5G",2,3,3,"Occasional",24,54.6,"No",1
"3071-VBYPO","Male",48,"Yes","Yes",3,1,"5G",3,2,1,"Occasional",1,89.85,"No",1
"9560-BBZXK","Female",59,"No","No",36,0,"5G",1,2,0,"Occasional",24,31.05,"No",1
"5299-RULOA","Female",31,"Yes","Yes",10,2,"5G",1,2,3,"Occasional",1,100.25,"Yes",1
"8402-OOOHJ","Female",36,"No","No",41,1,"5G",0,1,0,"Occasional",24,20.65,"No",1
"9445-ZUEQE","Male",61,"Yes","Yes",27,2,"5G",2,3,0,"Occasional",1,85.2,"No",1
"1091-SOZGA","Female",62,"No","No",56,2,"5G",0,2,3,"Occasional",12,99.8,"No",1
"2928-HLDBA","Female",36,"No","No",6,1,"5G",0,1,0,"Occasional",1,20.7,"No",1
"0404-SWRVG","Male",57,"No","No",3,2,"DSL",0,2,0,"Frequent",1,74.4,"Yes",1
"6497-TILVL","Female",49,"Yes","Yes",7,1,"5G",1,2,0,"Occasional",1,50.7,"No",1
"7219-TLZHO","Female",52,"No","No",4,1,"5G",0,1,0,"Occasional",1,20.85,"No",1
"4622-YNKIJ","Male",25,"No","No",33,1,"5G",1,3,1,"Occasional",24,88.95,"No",1
"4412-YLTKF","Female",85,"No","No",27,2,"5G",0,2,0,"Frequent",1,78.05,"Yes",1
"6734-PSBAW","Male",60,"No","No",72,2,"5G",0,1,0,"Occasional",24,23.55,"No",1
"3930-ZGWVE","Male",21,"No","No",1,1,"5G",0,1,0,"Occasional",1,19.75,"No",1
"2639-UGMAZ","Male",84,"No","No",71,0,"5G",3,2,3,"Occasional",12,56.45,"No",1
"2876-GZYZC","Female",49,"No","No",13,2,"5G",0,2,2,"Occasional",1,85.95,"No",1
"6207-WIOLX","Female",42,"Yes","Yes",25,0,"5G",3,2,3,"Frequent",1,58.6,"Yes",1
"8587-XYZSF","Male",42,"No","No",67,1,"5G",0,3,0,"Occasional",24,50.55,"No",1
"3091-FYHKI","Male",47,"No","No",1,0,"DSL",0,2,2,"Frequent",1,35.45,"Yes",1
"2372-HWUHI","Male",40,"No","No",2,1,"5G",0,2,0,"Occasional",1,44.35,"Yes",1
"7799-LGRDP","Female",38,"No","No",43,2,"5G",0,1,0,"Occasional",24,25.7,"No",1
"7850-VWJUU","Female",21,"No","No",23,1,"DSL",1,2,0,"Occasional",1,75,"No",1
"3774-VBNXY","Female",44,"No","No",64,1,"5G",0,1,0,"Occasional",24,20.2,"No",1
"6217-KDYWC","Male",21,"No","Yes",57,1,"DSL",0,1,0,"Occasional",24,19.6,"No",1
"0390-DCFDQ","Female",86,"Yes","No",1,1,"5G",0,2,0,"Occasional",1,70.45,"Yes",1
"3146-MSEGF","Female",78,"Yes","Yes",72,2,"5G",3,3,3,"Occasional",24,88.05,"No",1
"4080-OGPJL","Female",29,"No","No",8,2,"5G",1,3,2,"Occasional",1,71.15,"Yes",1
"1095-WGNGG","Female",25,"Yes","No",61,2,"5G",2,2,3,"Occasional",24,101.05,"No",1
"2636-SJDOU","Male",21,"No","No",64,2,"5G",3,2,0,"Occasional",12,84.3,"No",1
"1131-QQZEB","Male",88,"Yes","No",71,2,"5G",0,1,0,"Occasional",24,23.95,"No",1
"5716-EZXZN","Female",21,"Yes","Yes",65,2,"5G",3,3,1,"Occasional",24,99.05,"No",1
"6837-BJYDQ","Male",63,"No","No",3,1,"5G",0,1,0,"Occasional",12,19.6,"No",1
"2135-RXIHG","Male",60,"No","No",1,1,"5G",0,2,0,"Frequent",1,45.65,"Yes",1
"6440-DKQGE","Male",46,"No","Yes",30,1,"5G",2,2,1,"Occasional",12,64.5,"No",1
"3466-BYAVD","Male",59,"Yes","Yes",15,1,"5G",2,3,2,"Occasional",1,69.5,"No",1
"3780-YVMFA","Female",63,"No","No",8,1,"5G",0,3,3,"Occasional",1,68.55,"No",1
"3874-EQOEP","Male",51,"No","No",7,2,"5G",0,2,3,"Frequent",1,95,"Yes",1
"1679-JRFBR","Female",51,"Yes","Yes",70,2,"5G",3,2,3,"Occasional",12,108.15,"No",1
"9073-ZZIAY","Male",29,"Yes","Yes",62,1,"5G",3,3,3,"Occasional",24,86.1,"No",1
"3077-RSNTJ","Female",19,"Yes","Yes",6,1,"5G",0,1,0,"Occasional",1,19.7,"No",1
"6551-GNYDG","Female",21,"Yes","Yes",14,1,"5G",0,2,2,"Occasional",1,80.9,"No",1
"9167-APMXZ","Female",53,"No","No",22,2,"5G",0,2,1,"Occasional",1,84.15,"No",1
"2749-CTKAJ","Male",22,"Yes","Yes",22,1,"5G",0,1,0,"Occasional",12,20.15,"No",1
"6371-NZYEG","Male",39,"Yes","Yes",16,1,"5G",1,2,1,"Occasional",24,64.25,"No",1
"7554-NEWDD","Male",56,"No","No",10,2,"5G",0,1,0,"Occasional",24,25.7,"No",1
"8992-VONJD","Female",46,"No","Yes",13,1,"5G",3,2,0,"Occasional",1,56,"No",1
"0867-MKZVY","Female",21,"Yes","No",20,2,"5G",1,2,0,"Occasional",1,82.4,"Yes",1
"4482-EWFMI","Female",31,"No","No",2,1,"5G",0,2,0,"Occasional",1,69.7,"No",1
"4648-YPBTM","Male",34,"No","No",53,2,"5G",2,3,2,"Occasional",24,73.9,"No",1
"2907-ILJBN","Female",21,"Yes","Yes",11,1,"5G",0,1,0,"Occasional",12,20.6,"No",1
"6345-FZOQH","Male",51,"No","No",69,1,"5G",0,1,0,"Occasional",24,19.9,"No",1
"3376-BMGFE","Female",59,"No","No",4,1,"5G",0,2,0,"Occasional",1,70.9,"Yes",1
"5997-OPVFA","Male",44,"Yes","No",72,2,"5G",3,3,3,"Occasional",24,89.05,"No",1
"3445-HXXGF","Male",75,"Yes","No",58,0,"5G",2,2,2,"Frequent",1,45.3,"Yes",1
"1159-WFSGR","Female",37,"No","No",16,1,"5G",0,1,0,"Occasional",1,20.4,"No",1
"7654-YWJUF","Male",19,"Yes","No",43,1,"5G",1,3,0,"Occasional",12,84.25,"No",1
"1875-QIVME","Female",49,"Yes","No",2,2,"5G",0,3,3,"Occasional",1,104.4,"Yes",1
"6727-IOTLZ","Male",62,"Yes","No",14,1,"5G",2,3,3,"Occasional",24,81.95,"No",1
"0691-JVSYA","Female",21,"Yes","No",53,1,"5G",0,2,3,"Occasional",12,94.85,"Yes",1
"5918-VUKWP","Female",22,"No","No",32,1,"5G",0,1,0,"Occasional",12,20.55,"No",1
"1744-JHKYS","Female",62,"No","No",34,2,"5G",0,1,0,"Occasional",1,24.7,"No",1
"2656-FMOKZ","Female",85,"No","No",15,2,"DSL",0,2,0,"Frequent",1,74.45,"Yes",1
"2070-FNEXE","Female",66,"No","No",7,1,"5G",1,2,0,"Frequent",1,76.45,"Yes",1
"5947-SGKCL","Female",28,"Yes","Yes",15,2,"5G",2,2,3,"Occasional",1,105.35,"No",1
"3712-PKXZA","Male",54,"No","No",61,1,"5G",0,1,0,"Occasional",12,20.55,"No",1
"6317-YPKDH","Female",39,"No","No",1,0,"5G",2,2,0,"Frequent",1,29.95,"Yes",1
"6582-OIVSP","Female",19,"No","No",1,1,"5G",0,2,0,"Occasional",1,45.3,"No",1
"9367-WXLCH","Male",55,"No","No",8,2,"5G",0,2,2,"Frequent",1,84.5,"Yes",1
"5524-KHNJP","Male",19,"Yes","Yes",33,1,"5G",1,2,3,"Occasional",12,74.75,"No",1
"1918-ZBFQJ","Female",35,"No","No",13,1,"5G",2,2,0,"Frequent",1,79.25,"Yes",1
"1024-GUALD","Female",19,"Yes","No",1,0,"5G",0,2,0,"Frequent",1,24.8,"Yes",1
"4827-USJHP","Male",54,"No","No",20,1,"5G",2,2,0,"Occasional",1,51.8,"No",1
"8167-GJLRN","Male",64,"No","No",3,0,"5G",0,3,0,"Occasional",1,30.4,"No",1
"0956-SYCWG","Female",35,"No","No",13,1,"5G",0,1,0,"Occasional",12,19.65,"No",1
"8017-UVSZU","Female",28,"Yes","No",40,2,"5G",2,2,0,"Occasional",1,56.6,"No",1
"7100-FQPRV","Male",19,"Yes","Yes",43,2,"5G",1,3,2,"Occasional",12,71.9,"No",1
"2472-OVKUP","Male",25,"Yes","No",6,1,"5G",2,2,2,"Frequent",1,91,"Yes",1
"2984-RGEYA","Female",22,"Yes","Yes",69,1,"5G",0,1,0,"Occasional",24,19.75,"No",1
"9680-NIAUV","Female",43,"Yes","Yes",72,2,"5G",3,2,3,"Occasional",24,109.7,"No",1
"2146-EGVDT","Male",19,"Yes","Yes",59,1,"5G",0,1,0,"Occasional",24,19.3,"No",1
"2604-IJPDU","Female",54,"Yes","No",20,1,"5G",3,3,1,"Occasional",1,96.55,"No",1
"9178-JHUVJ","Male",20,"Yes","Yes",24,2,"5G",0,1,0,"Occasional",24,24.1,"No",1
"6168-YBYNP","Male",34,"No","No",59,2,"5G",2,3,3,"Occasional",1,111.35,"No",1
"7255-SSFBC","Male",40,"Yes","Yes",72,2,"5G",2,3,3,"Occasional",24,112.25,"No",1
"3645-DEYGF","Male",55,"No","No",1,1,"5G",0,1,0,"Occasional",1,20.75,"No",1
"9323-HGFWY","Female",46,"Yes","No",27,1,"5G",1,3,3,"Occasional",12,101.9,"No",1
"8544-GOQSH","Female",21,"No","No",14,1,"5G",2,3,0,"Occasional",1,80.05,"No",1
"3363-DTIVD","Male",47,"Yes","Yes",71,2,"5G",1,2,3,"Occasional",24,105.55,"No",1
"7018-WBJNK","Male",22,"No","Yes",13,1,"5G",0,2,1,"Occasional",1,78.3,"No",1
"9142-KZXOP","Male",61,"No","No",44,1,"5G",0,2,0,"Occasional",1,68.85,"No",1
"7674-YTAFD","Female",44,"No","No",33,1,"5G",2,3,0,"Occasional",12,79.95,"No",1
"6348-SNFUS","Male",28,"Yes","Yes",72,0,"DSL",3,3,2,"Frequent",24,55.45,"No",1
"1285-OKIPP","Male",20,"No","No",1,1,"5G",0,2,2,"Frequent",1,79.9,"Yes",1
"7825-ECJRF","Female",20,"No","No",19,1,"5G",1,3,3,"Occasional",1,106.6,"Yes",1
"1347-KTTTA","Male",48,"Yes","No",64,1,"5G",2,3,3,"Occasional",12,102.45,"No",1
"7841-TZDMQ","Male",57,"No","No",2,1,"DSL",0,2,0,"Frequent",1,46,"Yes",1
"4195-NZGTA","Female",21,"No","No",1,0,"DSL",0,2,0,"Frequent",1,25.25,"No",1
"7157-SMCFK","Male",22,"No","Yes",61,1,"5G",0,1,0,"Occasional",24,19.75,"No",1
"4709-LKHYG","Female",59,"No","No",29,1,"5G",0,1,0,"Frequent",12,20,"No",1
"2504-DSHIH","Male",74,"Yes","No",23,2,"5G",0,2,2,"Occasional",1,86.8,"No",1
"0699-NDKJM","Female",51,"No","No",57,0,"5G",3,2,3,"Occasional",1,58.75,"No",1
"9286-BHDQG","Male",20,"Yes","Yes",72,0,"5G",3,3,0,"Occasional",24,45.25,"No",1
"0230-WEQUW","Male",31,"Yes","No",66,0,"5G",3,3,1,"Occasional",24,56.6,"No",1
"2040-LDIWQ","Male",62,"Yes","Yes",65,2,"5G",2,3,3,"Occasional",24,84.2,"No",1
"6496-JDSSB","Female",21,"No","No",8,1,"5G",0,2,1,"Occasional",1,80,"No",1
"9408-SSNVZ","Female",40,"No","No",4,1,"5G",0,2,0,"Frequent",1,70.15,"Yes",1
"4443-EMBNA","Female",55,"No","No",71,2,"DSL",0,1,0,"Frequent",24,24.75,"No",1
"6469-MRVET","Male",20,"Yes","Yes",1,1,"5G",0,1,0,"Occasional",12,20.2,"No",1
"0742-MOABM","Male",42,"Yes","No",4,1,"5G",0,3,0,"Occasional",1,50.05,"Yes",1
"5961-VUSRV","Female",46,"No","No",12,1,"DSL",0,1,0,"Occasional",12,19.35,"No",1
"6778-JFCMK","Male",19,"No","No",24,0,"5G",1,2,3,"Occasional",12,50.6,"No",1
"6341-JVQGF","Female",19,"Yes","Yes",31,1,"5G",1,3,3,"Occasional",12,81.15,"No",1
"2232-DMLXU","Female",28,"Yes","No",1,1,"5G",0,2,1,"Occasional",1,55.2,"Yes",1
"4811-JBUVU","Male",37,"No","No",30,2,"DSL",0,3,2,"Frequent",1,89.9,"No",1
"0945-TSONX","Female",26,"Yes","Yes",47,2,"5G",3,3,3,"Occasional",24,85.3,"No",1
"2651-ZCBXV","Male",24,"No","No",54,2,"5G",3,3,3,"Occasional",24,108,"No",1
"3316-UWXUY","Male",55,"No","No",50,1,"5G",3,3,2,"Occasional",1,93.5,"No",1
"8937-RDTHP","Male",52,"No","No",1,1,"5G",1,2,2,"Frequent",1,84.6,"Yes",1
"7083-MIOPC","Female",19,"No","No",72,1,"DSL",0,1,0,"Frequent",24,20.25,"No",1
"1984-GPTEH","Female",44,"No","No",29,2,"5G",0,1,0,"Occasional",1,25.15,"No",1
"1251-KRREG","Male",26,"No","No",2,2,"5G",2,2,0,"Occasional",1,54.4,"Yes",1
"0621-JFHOL","Female",19,"No","No",10,0,"5G",0,3,0,"Occasional",24,29.6,"No",1
"9903-LYSAB","Male",49,"Yes","No",18,2,"5G",0,2,0,"Occasional",1,73.15,"No",1
"0094-OIFMO","Female",76,"No","No",11,1,"5G",2,2,3,"Frequent",1,95,"Yes",1
"9227-UAQFT","Male",63,"No","No",16,1,"5G",0,1,0,"Occasional",24,19.75,"No",1
"7301-ABVAD","Female",35,"No","No",72,2,"5G",2,3,3,"Occasional",24,86.6,"No",1
"6614-FHDBO","Male",45,"No","No",72,2,"5G",2,3,3,"Occasional",24,109.2,"No",1
"7576-ASEJU","Female",44,"Yes","Yes",41,1,"5G",1,3,3,"Occasional",12,74.7,"No",1
"9058-HRZSV","Female",75,"Yes","No",65,1,"5G",3,2,2,"Occasional",1,94.4,"No",1
"4522-AKYLR","Female",79,"No","No",13,1,"5G",2,2,0,"Occasional",1,54.8,"No",1
"0221-WMXNQ","Male",88,"No","No",4,1,"5G",1,2,0,"Occasional",1,75.35,"No",1
"0303-UNCIP","Male",38,"No","No",41,2,"5G",0,2,2,"Occasional",12,65,"No",1
"9947-OTFQU","Male",71,"No","No",15,1,"5G",2,2,0,"Frequent",1,74.4,"Yes",1
"0322-YINQP","Male",20,"No","No",1,1,"5G",1,2,0,"Occasional",1,48.55,"Yes",1
"0959-WHOKV","Male",36,"No","No",42,2,"5G",3,2,2,"Occasional",12,99,"No",1
"4075-JFPGR","Female",41,"Yes","No",51,1,"5G",3,2,1,"Occasional",12,93.5,"No",1
"4629-NRXKX","Female",25,"Yes","Yes",2,1,"5G",0,2,0,"Frequent",1,70.4,"Yes",1
"9514-JDSKI","Male",65,"Yes","No",1,0,"5G",2,2,1,"Occasional",1,40.2,"Yes",1
"3282-ZISZV","Male",22,"No","Yes",32,2,"5G",2,3,3,"Occasional",12,83.7,"No",1
"3675-YDUPJ","Male",48,"No","No",10,1,"DSL",0,1,0,"Frequent",1,19.85,"No",1
"4111-BNXIF","Female",34,"Yes","Yes",67,0,"5G",2,3,3,"Occasional",24,59.55,"No",1
"7017-VFHAY","Female",60,"Yes","Yes",61,2,"5G",3,3,3,"Occasional",24,115.1,"No",1
"6655-LHBYW","Male",39,"No","No",50,2,"5G",3,3,3,"Occasional",12,114.35,"No",1
"4959-JOSRX","Female",43,"Yes","No",2,1,"5G",0,2,0,"Frequent",1,44.6,"Yes",1
"5046-NUHWD","Female",67,"Yes","No",29,0,"5G",1,2,2,"Occasional",1,45,"No",1
"7273-TEFQD","Male",74,"No","No",3,0,"5G",0,2,2,"Frequent",1,41.15,"Yes",1
"3606-TWKGI","Male",73,"No","No",13,2,"5G",2,2,3,"Occasional",1,106.9,"Yes",1
"7529-ZDFXI","Male",89,"Yes","No",57,2,"5G",2,2,2,"Occasional",1,89.85,"No",1
"7605-BDWDC","Female",46,"No","No",31,0,"5G",3,3,2,"Occasional",24,49.85,"No",1
"1950-KSVVJ","Female",50,"No","No",45,2,"5G",3,3,3,"Occasional",12,113.3,"No",1
"0123-CRBRT","Female",22,"Yes","Yes",61,2,"5G",3,3,3,"Occasional",24,88.1,"No",1
"6292-TOSSS","Male",44,"No","No",50,2,"5G",0,1,0,"Occasional",24,24.9,"No",1
"3197-ARFOY","Female",66,"No","No",19,1,"5G",3,3,3,"Occasional",1,105,"No",1
"6323-AYBRX","Male",54,"No","No",59,1,"5G",0,1,0,"Occasional",24,19.35,"Yes",1
"7014-ZZXAW","Female",49,"No","No",71,2,"5G",0,1,0,"Occasional",24,24.25,"No",1
"4385-GZQXV","Female",75,"No","No",16,1,"5G",0,3,3,"Occasional",1,94.45,"Yes",1
"7633-MVPUY","Male",50,"Yes","No",57,1,"5G",3,3,0,"Occasional",24,59.75,"No",1
"6366-ZGQGL","Male",22,"No","No",1,0,"5G",0,2,0,"Occasional",1,24.8,"Yes",1
"4716-HHKQH","Male",90,"Yes","No",20,2,"5G",2,3,3,"Occasional",1,107.05,"No",1
"5940-AHUHD","Male",49,"No","No",1,1,"5G",0,2,0,"Occasional",1,70.6,"Yes",1
"6432-TWQLB","Male",47,"Yes","No",5,2,"DSL",2,3,0,"Occasional",1,85.4,"Yes",1
"4484-GLZOU","Female",57,"Yes","No",52,2,"5G",2,2,3,"Occasional",1,105.05,"Yes",1
"3179-GBRWV","Male",84,"Yes","No",21,1,"5G",3,2,2,"Occasional",1,64.95,"No",1
"8645-KWHJO","Male",38,"No","No",14,0,"5G",0,3,3,"Occasional",1,55,"No",1
"4130-MZLCC","Female",35,"No","No",5,1,"5G",2,2,0,"Occasional",1,50.55,"No",1
"0314-TKOSI","Female",54,"No","No",6,1,"5G",3,2,0,"Occasional",1,55.15,"No",1
"8229-MYEJZ","Female",34,"No","No",10,1,"5G",2,2,0,"Occasional",1,51.2,"No",1
"2080-SRCDE","Female",53,"No","No",1,2,"5G",0,1,0,"Occasional",1,25.4,"No",1
"9577-WJVCQ","Female",23,"No","No",68,2,"DSL",1,2,0,"Occasional",1,54.45,"No",1
"9512-UIBFX","Male",37,"Yes","Yes",18,1,"5G",0,2,3,"Frequent",1,95.15,"Yes",1
"6202-DYYFX","Female",45,"No","No",22,2,"DSL",0,2,0,"Occasional",12,76,"No",1
"3808-HFKDE","Female",49,"No","No",20,1,"5G",0,2,0,"Occasional",1,44.35,"No",1
"5583-SXDAG","Male",57,"Yes","No",1,1,"5G",0,2,0,"Frequent",1,70,"Yes",1
"3488-PGMQJ","Male",71,"No","No",8,1,"5G",2,2,0,"Frequent",1,74.5,"Yes",1
"3580-REOAC","Male",60,"No","No",10,1,"5G",0,2,0,"Occasional",1,44.85,"Yes",1
"7534-BFESC","Male",90,"No","No",24,2,"5G",0,2,0,"Occasional",1,76.1,"Yes",1
"3727-OWVYD","Male",47,"No","No",35,1,"5G",3,2,0,"Occasional",12,61.2,"No",1
"2294-SALNE","Male",48,"Yes","Yes",23,1,"5G",2,3,0,"Occasional",12,86.8,"No",1
"4847-TAJYI","Female",80,"No","No",6,1,"DSL",0,2,3,"Occasional",1,89.35,"No",1
"1563-IWQEX","Female",20,"No","No",12,1,"5G",0,1,0,"Occasional",1,19.7,"No",1
"8203-XJZRC","Male",52,"No","No",1,1,"DSL",0,1,0,"Frequent",1,20.25,"No",1
"6556-DBKZF","Female",55,"Yes","Yes",71,1,"5G",0,2,0,"Occasional",24,76.05,"No",1
"6851-WEFYX","Male",74,"Yes","No",35,2,"5G",0,2,3,"Occasional",1,100.8,"No",1
"2985-JUUBZ","Male",55,"No","No",40,2,"5G",0,2,3,"Occasional",1,74.55,"No",1
"6390-DSAZX","Female",61,"No","Yes",1,1,"DSL",1,2,0,"Occasional",1,73.6,"Yes",1
"0895-LMRSF","Male",33,"No","No",23,1,"DSL",0,2,3,"Occasional",12,64.9,"No",1
"8098-LLAZX","Female",87,"No","No",4,2,"5G",0,2,3,"Occasional",1,95.45,"Yes",1
"8266-VBFQL","Male",29,"No","No",4,1,"5G",0,3,2,"Occasional",1,90.4,"No",1
"8181-YHCMF","Female",21,"Yes","Yes",68,0,"5G",2,3,3,"Occasional",24,60.3,"No",1
"2240-HSJQD","Male",55,"No","Yes",38,2,"5G",2,2,0,"Occasional",1,81.85,"No",1
"1248-DYXUB","Male",40,"No","No",52,2,"5G",0,1,0,"Occasional",24,24.8,"No",1
"0265-EDXBD","Male",80,"Yes","No",32,2,"5G",0,2,0,"Occasional",1,74.9,"Yes",1
"4115-BNPJY","Male",34,"Yes","Yes",29,1,"DSL",0,3,3,"Occasional",24,75.55,"No",1
"3167-SNQPL","Male",74,"Yes","Yes",38,2,"5G",2,2,3,"Occasional",1,101.15,"No",1
"4091-TVOCN","Male",63,"No","Yes",48,2,"DSL",1,2,3,"Occasional",12,78.75,"No",1
"1098-TDVUQ","Female",45,"No","No",1,1,"5G",0,1,0,"Frequent",1,19.25,"No",1
"7277-OZCGZ","Female",26,"No","No",22,1,"5G",1,3,2,"Occasional",1,89.05,"No",1
"1557-EMYVT","Female",37,"No","No",43,2,"5G",3,3,3,"Occasional",24,115.05,"No",1
"2799-ARNLO","Female",79,"Yes","No",5,1,"5G",0,2,0,"Occasional",1,69.35,"No",1
"7563-BIUPC","Male",38,"No","No",5,1,"5G",0,2,1,"Frequent",1,80.6,"Yes",1
"5027-YOCXN","Male",25,"Yes","Yes",51,2,"5G",3,3,3,"Occasional",12,110.05,"No",1
"3973-SKMLN","Male",54,"No","No",71,1,"5G",0,1,0,"Occasional",24,19.9,"No",1
"2321-OMBXY","Female",35,"Yes","Yes",38,1,"DSL",3,3,3,"Occasional",12,80.3,"Yes",1
"2840-XANRC","Male",76,"Yes","No",24,1,"5G",0,2,3,"Occasional",1,93.15,"Yes",1
"6745-JEFZB","Male",23,"Yes","No",35,2,"5G",0,3,1,"Occasional",1,91.5,"No",1
"5020-ZSTTY","Female",77,"No","No",54,2,"5G",3,3,3,"Occasional",12,82.45,"Yes",1
"9880-TDQAC","Female",47,"Yes","Yes",72,0,"5G",2,3,3,"Occasional",24,60,"No",1
"8705-WZCYL","Male",65,"No","No",1,1,"5G",0,2,0,"Occasional",1,44.8,"No",1
"7102-JJVTX","Female",28,"Yes","Yes",9,1,"DSL",1,2,0,"Frequent",12,48.6,"No",1
"8626-PTQGE","Male",31,"No","No",69,0,"5G",3,3,3,"Occasional",24,60.05,"No",1
"4983-CLMLV","Female",44,"No","No",52,2,"5G",2,3,3,"Occasional",1,102.7,"No",1
"5701-YVSVF","Female",84,"Yes","No",11,1,"5G",0,3,1,"Occasional",1,82.9,"No",1
"5804-LEPIM","Female",75,"No","No",2,1,"5G",0,2,0,"Frequent",1,70.35,"Yes",1
"5697-GOMBF","Female",85,"Yes","Yes",28,0,"5G",0,2,1,"Occasional",1,35.9,"No",1
"2739-CACDQ","Female",89,"No","No",17,2,"5G",0,2,0,"Occasional",1,82.65,"No",1
"9385-EHGDO","Female",22,"Yes","Yes",35,1,"5G",0,1,0,"Occasional",24,19.85,"No",1
"9498-FIMXL","Female",42,"No","No",8,1,"5G",0,1,0,"Occasional",12,19.2,"No",1
"2379-GYFLQ","Male",32,"No","No",46,2,"5G",2,2,1,"Occasional",12,94.9,"No",1
"0122-OAHPZ","Female",54,"No","No",7,2,"5G",0,2,0,"Frequent",1,73.85,"Yes",1
"2868-SNELZ","Female",64,"No","No",2,2,"5G",0,2,0,"Frequent",1,80.6,"Yes",1
"4322-RCYMT","Male",52,"No","No",68,2,"5G",2,3,2,"Occasional",12,75.8,"Yes",1
"6680-NENYN","Female",28,"No","No",43,2,"5G",2,2,3,"Occasional",24,104.6,"Yes",1
"2088-IEBAU","Female",21,"No","No",68,2,"5G",3,3,3,"Occasional",24,88.15,"No",1
"7982-VCELR","Female",46,"No","No",36,1,"5G",2,2,3,"Occasional",1,94.8,"No",1
"1343-EHPYB","Male",29,"Yes","No",63,2,"5G",2,2,3,"Occasional",1,103.4,"Yes",1
"6035-BXTTY","Female",78,"No","No",32,1,"5G",2,3,0,"Occasional",1,54.65,"No",1
"6885-PKOAM","Female",32,"Yes","No",71,2,"5G",3,3,3,"Occasional",24,85.75,"No",1
"7520-HQWJU","Female",51,"Yes","Yes",66,2,"5G",3,2,0,"Occasional",1,67.45,"No",1
"9639-BUJXT","Male",36,"No","No",63,1,"5G",0,1,0,"Occasional",12,20.5,"No",1
"5924-SNGKP","Female",19,"No","Yes",41,1,"5G",0,1,0,"Occasional",12,20.25,"No",1
"0021-IKXGC","Female",68,"No","No",1,2,"DSL",0,2,0,"Occasional",1,72.1,"No",1
"2034-GDRCN","Female",40,"No","No",2,1,"5G",0,2,3,"Frequent",1,90.4,"Yes",1
"8966-SNIZF","Female",43,"No","No",70,1,"DSL",0,1,0,"Occasional",24,19.45,"No",1
"6243-OZGFH","Female",41,"No","No",23,0,"5G",0,2,3,"Occasional",1,44.95,"No",1
"4654-DLAMQ","Female",88,"Yes","No",64,1,"5G",3,2,2,"Occasional",12,97,"No",1
"0513-RBGPE","Male",30,"Yes","Yes",37,2,"5G",1,3,0,"Occasional",24,62.8,"No",1
"5160-UXJED","Male",35,"No","Yes",17,1,"5G",0,2,0,"Occasional",12,44.6,"No",1
"4115-NZRKS","Female",78,"No","No",7,1,"5G",0,2,3,"Occasional",1,89.15,"No",1
"0219-YTZUE","Male",53,"Yes","Yes",4,2,"5G",2,2,0,"Frequent",1,84.8,"Yes",1
"0623-IIHUG","Female",90,"No","No",21,0,"5G",1,2,1,"Occasional",1,41.9,"Yes",1
"4572-DVCGN","Female",63,"No","No",10,1,"5G",0,2,2,"Occasional",1,80.25,"Yes",1
"3351-NGXYI","Female",83,"No","No",16,2,"5G",1,2,0,"Occasional",1,54.1,"No",1
"8984-EYLLL","Male",24,"Yes","No",64,2,"5G",2,3,3,"Occasional",24,105.25,"No",1
"9057-MSWCO","Male",66,"Yes","No",27,0,"5G",1,2,0,"Frequent",1,30.75,"Yes",1
"9833-TGFHX","Male",39,"Yes","Yes",42,2,"5G",1,2,3,"Occasional",12,97.1,"No",1
"9294-TDIPC","Male",20,"No","Yes",5,1,"5G",0,1,0,"Occasional",1,20.2,"No",1
"5229-DTFYB","Female",26,"No","No",41,1,"DSL",2,3,3,"Occasional",24,98.8,"No",1
"0104-PPXDV","Male",23,"Yes","No",58,1,"5G",0,2,0,"Occasional",12,50.3,"No",1
"5176-LMJXE","Female",39,"No","No",47,1,"5G",0,1,0,"Occasional",24,20.55,"No",1
"3583-KRKMD","Male",19,"No","No",18,1,"5G",0,3,0,"Occasional",1,75.9,"No",1
"1010-DIAUQ","Male",49,"No","No",5,1,"5G",0,2,3,"Frequent",1,96.5,"Yes",1
"9069-LGEUL","Male",57,"No","No",23,1,"5G",1,2,2,"Occasional",1,59.95,"No",1
"7302-ZHMHP","Female",21,"No","No",1,1,"5G",0,1,0,"Occasional",1,19.15,"No",1
"9571-EDEBV","Male",53,"Yes","No",71,2,"5G",0,2,3,"Occasional",12,98.65,"No",1
"3520-FJGCV","Male",31,"Yes","Yes",72,2,"5G",3,3,3,"Occasional",24,112.6,"No",1
"6563-VRERX","Male",36,"No","No",33,1,"5G",0,1,0,"Occasional",12,20.6,"No",1
"0259-GBZSH","Male",19,"No","No",2,2,"5G",0,2,1,"Occasional",1,85.65,"Yes",1
"6122-EFVKN","Male",22,"No","Yes",24,0,"5G",1,3,0,"Occasional",24,35.75,"No",1
"2805-EDJPQ","Female",59,"Yes","Yes",56,2,"5G",2,3,2,"Occasional",12,99.75,"No",1
"6862-CQUMB","Male",31,"No","No",37,1,"DSL",2,2,3,"Occasional",1,96.1,"No",1
"7156-MXBJE","Female",37,"No","No",43,2,"DSL",2,3,3,"Occasional",12,85.1,"No",1
"6158-HDPXZ","Male",52,"No","No",1,0,"5G",0,2,0,"Occasional",1,25.35,"No",1
"9601-BRXPO","Female",36,"Yes","No",25,2,"5G",0,3,3,"Occasional",1,104.95,"Yes",1
"2863-IMQDR","Female",49,"No","No",61,2,"5G",3,3,3,"Occasional",24,89.65,"No",1
"5686-CMAWK","Male",23,"No","No",17,2,"5G",0,3,0,"Occasional",12,86.75,"No",1
"5651-CRHKQ","Female",54,"No","No",41,1,"5G",2,3,0,"Occasional",12,86.2,"No",1
"6905-NIQIN","Male",46,"No","No",1,1,"DSL",2,2,0,"Frequent",1,50.65,"Yes",1
"8204-YJCLA","Male",89,"Yes","Yes",72,0,"5G",3,3,3,"Occasional",24,64.8,"No",1
"5167-ZFFMM","Male",27,"No","No",1,2,"5G",2,2,2,"Frequent",1,90.85,"Yes",1
"6583-SZVGP","Male",58,"No","No",48,2,"5G",2,2,3,"Occasional",24,108.1,"No",1
"4895-TMWIR","Male",86,"Yes","No",11,1,"5G",0,1,0,"Occasional",1,19.95,"Yes",1
"0533-BNWKF","Female",69,"Yes","No",55,2,"5G",2,2,0,"Frequent",1,85.45,"Yes",1
"1708-PBBOA","Female",47,"No","No",42,0,"5G",3,3,2,"Occasional",12,54.75,"No",1
"8782-LKFPK","Male",61,"No","No",44,2,"5G",0,2,2,"Occasional",1,90.4,"No",1
"5522-JBWMO","Male",46,"No","Yes",1,1,"5G",0,2,0,"Occasional",1,44,"No",1
"3597-MVHJT","Female",43,"No","No",27,2,"5G",0,2,3,"Occasional",1,95.6,"No",1
"9774-NRNAU","Male",86,"Yes","No",27,2,"5G",2,3,3,"Occasional",1,84.8,"No",1
"0224-RLWWD","Female",75,"No","No",2,1,"5G",0,2,0,"Occasional",1,44.3,"No",1
"9967-ATRFS","Female",21,"No","No",19,1,"5G",0,1,0,"Frequent",1,19.9,"No",1
"3951-NJCVI","Female",85,"Yes","No",42,2,"5G",0,2,3,"Occasional",1,95.05,"No",1
"2977-CEBSX","Female",36,"No","No",66,2,"5G",3,3,3,"Occasional",24,90.05,"No",1
"0177-PXBAT","Male",86,"Yes","No",33,2,"5G",1,3,3,"Occasional",1,109.9,"No",1
"6599-CEBNN","Female",56,"No","No",34,1,"5G",2,2,0,"Frequent",1,73.95,"Yes",1
"2519-ERQOJ","Male",68,"No","No",33,0,"5G",0,3,3,"Occasional",1,54.6,"No",1
"5876-QMYLD","Female",64,"No","No",23,1,"5G",0,1,0,"Occasional",12,20.05,"No",1
"2277-AXSDC","Female",57,"No","No",32,1,"DSL",0,1,0,"Occasional",12,19.75,"No",1
"9442-JTWDL","Female",20,"No","No",11,1,"5G",0,1,0,"Occasional",12,20.05,"No",1
"0979-PHULV","Male",53,"Yes","Yes",69,2,"5G",0,2,3,"Occasional",1,99.45,"Yes",1
"3067-SVMTC","Female",34,"Yes","No",68,1,"5G",1,3,0,"Occasional",12,55.9,"No",1
"5495-GPSRW","Male",65,"No","No",20,1,"5G",0,1,0,"Frequent",24,19.7,"No",1
"7606-BPHHN","Male",47,"No","No",72,1,"DSL",0,1,0,"Frequent",24,19.8,"No",1
"4742-DRORA","Male",44,"Yes","Yes",60,2,"5G",1,2,1,"Occasional",12,95.4,"No",1
"0111-KLBQG","Male",73,"Yes","Yes",32,1,"5G",2,2,3,"Occasional",1,93.95,"No",1
"4800-VHZKI","Female",19,"No","No",1,1,"5G",0,1,0,"Occasional",1,19.9,"Yes",1
"7989-CHGTL","Male",55,"No","No",1,1,"5G",0,1,0,"Occasional",1,19.6,"Yes",1
"0334-GDDSO","Male",76,"No","No",3,2,"5G",2,2,0,"Frequent",1,81.35,"Yes",1
"4163-NCJAK","Female",39,"No","No",46,2,"5G",0,1,0,"Occasional",12,24.45,"No",1
"5233-AOZUF","Female",47,"Yes","No",29,2,"5G",0,2,0,"Occasional",1,74.95,"No",1
"5973-EJGDP","Male",22,"No","No",51,2,"DSL",2,3,0,"Occasional",1,87.35,"No",1
"1996-DBMUS","Female",84,"Yes","No",48,1,"5G",0,2,0,"Occasional",1,70.65,"No",1
"7916-VCCPB","Female",48,"Yes","Yes",16,1,"5G",2,2,0,"Occasional",1,73.25,"No",1
"4686-GEFRM","Male",48,"Yes","No",70,2,"DSL",2,3,2,"Occasional",24,98.7,"No",1
"5249-QYHEX","Female",42,"No","No",40,2,"5G",0,1,0,"Occasional",24,24.8,"No",1
"0578-SKVMF","Female",31,"Yes","Yes",22,1,"DSL",2,2,2,"Frequent",1,83.3,"Yes",1
"5564-NEMQO","Female",82,"No","No",1,1,"5G",0,2,0,"Occasional",1,75.3,"Yes",1
"2233-FAGXV","Female",22,"Yes","Yes",5,2,"5G",0,1,0,"Frequent",1,24.3,"No",1
"5605-IYGFG","Female",37,"No","No",7,1,"5G",0,2,0,"Occasional",1,69.85,"No",1
"7663-ZTEGJ","Male",28,"No","Yes",29,2,"5G",2,3,2,"Occasional",12,100.55,"No",1
"3935-TBRZZ","Male",21,"Yes","Yes",44,2,"5G",0,1,0,"Occasional",12,25.7,"No",1
"8111-BKVDS","Female",33,"No","No",10,0,"5G",3,2,0,"Occasional",1,40.7,"No",1
"2055-SIFSS","Female",89,"Yes","No",55,2,"5G",0,2,0,"Occasional",1,51.65,"No",1
"2806-MLNTI","Male",89,"Yes","No",52,2,"5G",2,2,3,"Occasional",12,105.1,"No",1
"8734-DKSTZ","Female",50,"No","No",10,2,"5G",0,2,2,"Occasional",1,85.95,"No",1
"4360-PNRQB","Male",20,"No","No",18,2,"5G",0,2,0,"Occasional",1,75.6,"No",1
"6152-ONASV","Female",46,"Yes","No",68,2,"5G",1,3,0,"Occasional",12,58.25,"No",1
"9063-ZGTUY","Female",19,"Yes","Yes",61,1,"5G",0,1,0,"Occasional",1,19.4,"Yes",1
"7781-HVGMK","Female",59,"Yes","Yes",72,0,"5G",3,3,3,"Occasional",24,65.2,"No",1
"2181-UAESM","Male",28,"No","No",2,1,"5G",1,2,0,"Occasional",1,53.45,"No",1
"2957-LOLHO","Male",43,"No","No",12,1,"5G",0,2,0,"Occasional",1,45.4,"Yes",1
"6048-NJXHX","Male",22,"Yes","No",41,1,"5G",0,1,0,"Occasional",24,19.75,"No",1
"2320-SLKMB","Female",63,"No","No",26,0,"5G",0,3,1,"Occasional",1,44.45,"No",1
"4980-URKXC","Male",40,"No","No",36,1,"5G",0,1,0,"Occasional",12,20.85,"No",1
"4376-KFVRS","Male",47,"No","No",72,2,"5G",3,3,3,"Occasional",24,114.05,"No",1
"5886-VLQVU","Male",22,"Yes","No",35,2,"5G",0,3,2,"Occasional",1,89.85,"No",1
"3577-AMVUX","Male",58,"No","No",1,1,"5G",0,3,0,"Occasional",1,55.05,"No",1
"0771-WLCLA","Female",61,"Yes","Yes",16,2,"5G",1,3,3,"Occasional",1,112.95,"No",1
"5628-RKIFK","Female",88,"No","No",49,2,"5G",1,2,3,"Occasional",1,101.55,"No",1
"0206-TBWLC","Female",30,"Yes","No",54,2,"5G",3,3,3,"Occasional",12,114.65,"No",1
"2937-FTHUR","Female",47,"No","Yes",18,2,"5G",1,2,2,"Occasional",1,64.8,"No",1
"1910-FMXJM","Female",36,"No","No",36,1,"5G",0,2,2,"Occasional",1,80.4,"No",1
"7752-XUSCI","Female",38,"No","No",60,2,"DSL",2,2,3,"Frequent",1,105.9,"Yes",1
"4110-PFEUZ","Female",31,"No","No",1,1,"DSL",0,2,0,"Frequent",1,69.55,"Yes",1
"0732-OCQOC","Female",22,"Yes","Yes",52,2,"DSL",0,1,0,"Occasional",24,25.05,"No",1
"5168-MSWXT","Male",44,"Yes","Yes",8,1,"5G",0,2,3,"Occasional",1,94.75,"No",1
"1090-ESELR","Male",39,"Yes","Yes",72,1,"5G",3,3,3,"Occasional",24,105.5,"No",1
"8592-PLTMQ","Female",57,"No","No",64,2,"5G",0,1,0,"Occasional",12,24.7,"No",1
"5760-WRAHC","Female",74,"No","No",22,1,"5G",1,3,2,"Occasional",1,69.75,"No",1
"8847-GEOOQ","Male",60,"No","No",60,0,"5G",2,3,3,"Occasional",1,60.2,"No",1
"0256-LTHVJ","Female",42,"Yes","Yes",28,1,"5G",0,2,2,"Frequent",1,81.05,"Yes",1
"4785-FCIFB","Female",36,"No","No",61,2,"5G",0,1,0,"Occasional",24,24.4,"No",1
"8313-NDOIA","Female",63,"No","No",24,2,"5G",2,2,3,"Occasional",1,104.15,"No",1
"5149-CUZUJ","Male",27,"Yes","Yes",28,1,"5G",2,3,1,"Occasional",12,92.9,"No",1
"0942-KOWSM","Female",60,"Yes","Yes",30,1,"5G",2,3,3,"Occasional",24,80.8,"No",1
"4237-CLSMM","Male",22,"Yes","No",2,1,"5G",0,1,0,"Occasional",1,20,"No",1
"1452-VOQCH","Male",45,"No","No",1,2,"5G",0,2,0,"Occasional",1,75.1,"No",1
"4719-UMSIY","Male",49,"No","No",6,1,"5G",0,1,0,"Occasional",1,19.65,"No",1
"6614-VBEGU","Female",57,"Yes","No",24,1,"5G",2,2,3,"Occasional",1,69.45,"No",1
"0880-TKATG","Male",59,"Yes","Yes",4,2,"5G",0,2,3,"Occasional",1,101.15,"Yes",1
"3811-VBYBZ","Male",22,"No","No",7,2,"5G",2,2,3,"Frequent",1,99.8,"Yes",1
"1480-BKXGA","Male",78,"Yes","No",72,2,"5G",3,3,3,"Occasional",24,116.05,"No",1
"2996-XAUVF","Male",60,"No","No",70,0,"5G",0,3,2,"Occasional",24,40.05,"No",1
"9076-AXYIK","Male",78,"Yes","No",64,2,"5G",0,3,3,"Occasional",24,102.1,"No",1
"5968-XQIVE","Male",52,"Yes","Yes",72,2,"5G",2,2,1,"Occasional",12,89.7,"No",1
"8896-RAZCR","Female",39,"No","No",44,1,"5G",0,1,0,"Occasional",24,19.9,"No",1
"4640-UHDOS","Female",21,"Yes","Yes",13,1,"DSL",0,2,2,"Frequent",1,55.95,"Yes",1
"4933-IKULF","Female",72,"No","No",17,1,"5G",0,1,0,"Occasional",12,20.65,"No",1
"3583-EKAPL","Male",23,"No","No",1,1,"5G",0,2,2,"Occasional",1,55,"Yes",1
"1304-BCCFO","Male",54,"Yes","No",9,1,"5G",0,2,3,"Occasional",1,70.05,"No",1
"4104-PVRPS","Male",41,"No","No",24,1,"5G",1,3,0,"Occasional",1,53.6,"No",1
"9399-APLBT","Female",59,"Yes","Yes",1,1,"5G",2,2,0,"Frequent",1,74.7,"Yes",1
"2359-KMGLI","Male",52,"No","No",24,2,"5G",2,2,0,"Frequent",1,80.25,"Yes",1
"3780-DDGSE","Male",85,"Yes","Yes",35,1,"5G",2,3,3,"Occasional",1,76.05,"No",1
"4431-EDMIQ","Female",59,"Yes","Yes",7,1,"5G",3,3,1,"Occasional",1,75.7,"No",1
"0306-JAELE","Male",41,"No","No",5,1,"5G",0,3,3,"Occasional",1,96.1,"Yes",1
"6227-HWPWX","Female",46,"No","Yes",15,1,"5G",0,2,0,"Frequent",1,69,"Yes",1
"0486-LGCCH","Male",61,"No","No",11,1,"5G",0,1,0,"Occasional",24,19.65,"No",1
"0447-BEMNG","Female",26,"Yes","No",48,0,"5G",1,2,2,"Frequent",1,45.3,"Yes",1
"4612-SSVHJ","Female",75,"No","No",20,1,"5G",0,2,2,"Occasional",1,81.45,"No",1
"5168-MQQCA","Female",51,"Yes","No",72,2,"5G",2,3,3,"Occasional",12,108.5,"No",1
"5949-XIKAE","Female",59,"Yes","Yes",8,1,"5G",2,2,1,"Frequent",1,83.55,"Yes",1
"7971-HLVXI","Male",42,"Yes","Yes",72,2,"5G",0,2,2,"Occasional",24,84.5,"No",1
"9094-AZPHK","Female",49,"No","No",15,2,"5G",2,2,3,"Occasional",1,100.15,"No",1
"3649-JPUGY","Male",35,"No","No",72,2,"5G",2,3,3,"Occasional",24,88.6,"No",1
"4472-LVYGI","Female",28,"Yes","Yes",0,0,"DSL",1,3,1,"Occasional",24,52.55,"No",1
"8372-JUXUI","Male",46,"No","Yes",1,2,"5G",0,2,0,"Occasional",1,74.35,"Yes",1
"3552-CTCYF","Male",22,"Yes","Yes",63,2,"5G",2,2,3,"Occasional",24,104.8,"No",1
"6778-YSNIH","Female",42,"No","No",2,1,"5G",2,2,1,"Occasional",1,59,"No",1
"0388-EOPEX","Female",23,"Yes","No",2,1,"5G",1,2,0,"Occasional",1,74.4,"Yes",1
"5756-OZRIO","Male",82,"Yes","No",61,2,"5G",2,2,2,"Occasional",12,64.05,"No",1
"6579-JPICP","Male",22,"No","No",1,1,"5G",0,1,0,"Occasional",1,20.4,"No",1
"8205-OTCHB","Male",23,"No","No",22,0,"5G",2,2,2,"Occasional",12,43.75,"Yes",1
"4134-BSXLX","Male",22,"Yes","No",28,1,"5G",3,3,0,"Occasional",1,60.9,"No",1
"0505-SPOOW","Female",44,"No","No",70,1,"5G",0,1,0,"Occasional",24,19.8,"No",1
"6235-VDHOM","Female",90,"No","No",5,0,"5G",2,2,0,"Occasional",1,28.45,"Yes",1
"7783-YKGDV","Female",56,"No","No",12,2,"DSL",3,2,2,"Frequent",1,99.7,"Yes",1
"4374-YMUSQ","Male",38,"No","No",34,2,"5G",3,3,3,"Occasional",12,116.25,"No",1
"4513-CXYIX","Female",76,"Yes","No",71,2,"5G",1,2,0,"Occasional",24,80.7,"No",1
"3957-HHLMR","Female",40,"Yes","Yes",70,2,"5G",1,2,2,"Occasional",12,65.2,"No",1
"7803-XOCCZ","Female",35,"Yes","Yes",52,1,"5G",1,3,0,"Occasional",1,84.05,"No",1
"5736-YEJAX","Male",19,"No","Yes",69,2,"5G",3,3,1,"Occasional",24,79.45,"No",1
"5609-CEBID","Female",83,"No","No",20,2,"5G",2,2,2,"Frequent",1,94.1,"Yes",1
"8981-FJGLA","Male",28,"No","Yes",11,2,"5G",0,2,0,"Occasional",1,78,"No",1
"7218-HKQFK","Male",61,"Yes","No",2,1,"5G",0,3,3,"Occasional",1,94.2,"Yes",1
"4636-QRJKY","Female",31,"Yes","Yes",6,2,"5G",0,3,0,"Occasional",1,80.5,"Yes",1
"1135-LMECX","Female",21,"No","No",1,1,"5G",0,1,0,"Occasional",1,19.85,"No",1
"4332-MUOEZ","Male",90,"Yes","Yes",20,1,"5G",1,3,2,"Occasional",12,94.3,"No",1
"8535-SFUTN","Male",26,"No","No",61,2,"5G",1,2,3,"Occasional",1,106.45,"No",1
"5956-VKDTT","Female",75,"Yes","No",5,2,"5G",0,2,0,"Occasional",1,74.35,"Yes",1
"8677-HDZEE","Female",24,"No","No",56,2,"5G",2,3,3,"Occasional",1,105.45,"No",1
"2475-MROZF","Male",20,"No","No",30,2,"5G",3,3,0,"Occasional",1,95,"No",1
"9412-GHEEC","Male",31,"No","No",40,2,"DSL",0,3,3,"Occasional",1,104.8,"Yes",1
"3482-ABPKK","Female",29,"No","No",28,1,"5G",1,3,0,"Occasional",12,54.3,"No",1
"6705-LXORM","Female",73,"Yes","No",5,1,"5G",0,2,0,"Occasional",1,70.05,"No",1
"0257-ZESQC","Female",88,"Yes","No",27,1,"5G",1,2,0,"Occasional",1,75.2,"Yes",1
"7531-GQHME","Male",59,"No","No",12,1,"5G",0,1,0,"Occasional",1,20.05,"No",1
"5174-ITUMV","Male",28,"Yes","Yes",67,2,"5G",2,2,3,"Occasional",12,105.4,"No",1
"4109-CYRBD","Male",75,"Yes","No",29,2,"5G",0,2,0,"Occasional",1,51.6,"No",1
"0913-XWSCN","Male",48,"Yes","Yes",55,2,"5G",0,2,2,"Occasional",1,85.5,"No",1
"6825-UYPFK","Female",33,"No","No",23,2,"DSL",0,2,0,"Occasional",1,75.6,"Yes",1
"8397-MVTAZ","Male",28,"Yes","No",34,2,"5G",0,2,3,"Frequent",1,100.05,"Yes",1
"0750-EBAIU","Male",54,"No","No",52,1,"5G",1,2,1,"Occasional",12,91.25,"No",1
"8606-CIQUL","Male",83,"Yes","Yes",72,2,"5G",3,3,3,"Occasional",24,115.75,"No",1
"3571-DPYUH","Male",34,"Yes","Yes",58,2,"5G",2,3,1,"Occasional",12,94.7,"No",1
"7601-GNDYK","Male",20,"Yes","Yes",35,1,"5G",0,1,0,"Occasional",24,19.6,"No",1
"0356-OBMAC","Female",82,"No","No",56,2,"5G",2,3,1,"Occasional",24,99.9,"No",1
"8067-NIOYM","Female",62,"No","No",24,1,"5G",0,1,0,"Occasional",24,21.1,"No",1
"1403-GYAFU","Male",55,"No","No",70,1,"5G",0,1,0,"Occasional",24,20.05,"No",1
"4234-XTNEA","Male",46,"No","No",2,1,"5G",0,2,1,"Occasional",1,79.95,"No",1
"1297-VQDRP","Male",73,"Yes","Yes",68,2,"5G",0,3,3,"Occasional",12,107.15,"No",1
"9282-IZGQK","Female",36,"No","No",1,2,"5G",0,2,2,"Frequent",1,85,"Yes",1
"5348-CAGXB","Male",44,"No","No",12,2,"5G",0,2,1,"Occasional",1,89.55,"No",1
"0621-HJWXJ","Female",37,"Yes","No",63,2,"DSL",2,2,0,"Occasional",1,81.55,"No",1
"5844-QVTAT","Female",37,"Yes","Yes",33,1,"5G",3,2,0,"Occasional",12,58.45,"No",1
"8905-IAZPF","Female",46,"Yes","No",69,1,"5G",2,2,3,"Occasional",12,95.65,"No",1
"5394-MEITZ","Female",53,"Yes","Yes",60,1,"5G",2,3,3,"Occasional",24,80.6,"No",1
"6859-QNXIQ","Female",51,"Yes","Yes",72,2,"5G",3,3,3,"Occasional",24,113.1,"No",1
"2782-LFZVW","Female",43,"No","No",11,2,"5G",0,2,2,"Occasional",1,58.95,"No",1
"2866-IKBTM","Female",20,"No","No",1,1,"5G",0,1,0,"Occasional",1,19.55,"No",1
"1342-JPNKI","Male",53,"No","No",10,2,"DSL",0,2,1,"Frequent",1,86.05,"Yes",1
"2817-NTQDO","Male",45,"No","No",13,0,"5G",1,3,1,"Occasional",1,45.55,"Yes",1
"7129-AZJDE","Male",50,"Yes","Yes",34,1,"5G",0,2,2,"Occasional",12,78.95,"No",1
"6986-IJDHX","Male",50,"Yes","Yes",39,1,"5G",2,2,1,"Occasional",1,86.3,"Yes",1
"2560-PPCHE","Female",43,"No","No",65,2,"5G",2,3,3,"Occasional",12,105.05,"No",1
"4676-MQUEA","Male",84,"Yes","No",50,2,"DSL",3,2,1,"Occasional",12,101.9,"No",1
"8138-EALND","Male",21,"No","No",15,1,"5G",0,1,0,"Occasional",1,19.75,"No",1
"3580-HYCSP","Male",49,"Yes","Yes",72,2,"5G",3,2,3,"Occasional",24,110.3,"No",1
"1352-HNSAW","Female",45,"Yes","Yes",72,2,"5G",3,3,3,"Occasional",24,115.6,"No",1
"2075-PUEPR","Male",64,"No","No",55,1,"5G",0,1,0,"Occasional",24,19.35,"No",1
"1982-FEBTD","Female",62,"No","No",23,2,"5G",0,1,0,"Occasional",24,25.6,"No",1
"5301-GAUUY","Male",28,"No","No",32,2,"5G",2,2,0,"Occasional",1,80.35,"Yes",1
"5791-KAJFD","Female",30,"Yes","Yes",56,2,"5G",1,2,2,"Occasional",12,68.75,"No",1
"2654-VBVPB","Female",64,"No","No",1,1,"5G",0,1,0,"Occasional",1,19.9,"No",1
"1154-HYWWO","Male",52,"No","No",38,1,"5G",3,3,1,"Occasional",12,70.6,"No",1
"2501-XWWTZ","Male",33,"No","No",11,1,"DSL",0,2,0,"Occasional",1,70.2,"No",1
"3716-UVSPD","Male",61,"No","No",1,1,"DSL",0,3,0,"Occasional",1,49.3,"No",1
"6815-ABQFQ","Male",32,"Yes","No",56,2,"5G",2,3,3,"Occasional",12,107.25,"No",1
"7343-EOBEU","Male",50,"No","No",3,2,"5G",0,1,0,"Occasional",1,23.6,"No",1
"3701-SFMUH","Male",35,"Yes","Yes",7,1,"DSL",1,2,3,"Occasional",1,69.7,"No",1
"6103-LIANB","Male",25,"Yes","Yes",59,2,"5G",0,2,3,"Occasional",24,99.5,"No",1
"7319-VENRZ","Male",40,"No","No",7,1,"5G",0,3,1,"Occasional",1,64.3,"No",1
"5846-NEQVZ","Male",38,"Yes","Yes",71,1,"5G",1,3,2,"Occasional",24,70.85,"No",1
"6967-QIQRV","Male",50,"Yes","Yes",15,1,"5G",1,3,3,"Occasional",12,101.9,"No",1
"5781-RFZRP","Male",51,"Yes","No",71,2,"5G",3,3,1,"Occasional",24,73.5,"No",1
"0939-YAPAF","Female",44,"No","No",35,2,"5G",0,2,3,"Occasional",1,100.25,"Yes",1
"0308-IVGOK","Female",51,"No","No",11,0,"5G",2,3,0,"Occasional",12,40.4,"No",1
"7293-LSCDV","Female",63,"No","No",60,1,"5G",0,1,0,"Occasional",24,19.25,"No",1
"7025-WCBNE","Male",79,"No","No",47,2,"5G",2,3,0,"Occasional",24,59.6,"No",1
"5756-JYOJT","Female",44,"No","No",11,1,"5G",0,3,2,"Occasional",12,64.9,"No",1
"4710-FDUIZ","Male",22,"Yes","No",56,2,"5G",2,2,3,"Occasional",12,100.3,"Yes",1
"6030-REHUX","Female",69,"Yes","No",28,2,"5G",2,3,3,"Occasional",1,110.85,"No",1
"9548-LIGTA","Male",35,"Yes","No",61,1,"5G",3,3,3,"Occasional",24,81.05,"No",1
"5150-LJNSR","Male",35,"Yes","Yes",31,2,"5G",1,2,1,"Occasional",12,98.05,"No",1
"8270-RKSAP","Male",45,"No","No",9,1,"5G",0,2,0,"Occasional",1,70.5,"No",1
"6522-YRBXD","Male",89,"Yes","No",35,2,"5G",3,2,2,"Occasional",1,94.55,"No",1
"2640-LYMOV","Male",52,"No","No",2,1,"5G",0,1,0,"Occasional",1,19.65,"No",1
"1218-VKFPE","Female",22,"Yes","Yes",12,1,"5G",0,1,0,"Occasional",1,19,"Yes",1
"3627-FHKBK","Female",39,"No","No",1,1,"5G",1,2,0,"Occasional",1,75.3,"Yes",1
"2865-TCHJW","Female",80,"No","No",4,2,"5G",0,2,1,"Occasional",1,89.2,"Yes",1
"1423-BMPBQ","Female",21,"Yes","Yes",1,1,"5G",0,1,0,"Occasional",1,19,"No",1
"2393-DIVAI","Female",19,"No","No",3,1,"5G",0,1,0,"Occasional",1,20,"No",1
"5192-EBGOV","Female",86,"No","No",1,2,"5G",0,2,1,"Occasional",1,85.7,"Yes",1
"4568-KNYWR","Male",25,"No","No",52,1,"5G",3,2,1,"Occasional",24,63.25,"No",1
"8752-IMQOS","Male",51,"No","No",5,1,"5G",0,1,0,"Occasional",12,20.1,"No",1
"0742-LAFQK","Male",30,"Yes","No",72,2,"5G",3,2,2,"Occasional",24,99.15,"No",1
"0795-LAFGP","Male",46,"Yes","Yes",71,2,"DSL",3,3,3,"Occasional",24,90.4,"No",1
"0619-OLYUR","Male",48,"Yes","No",72,2,"5G",1,3,3,"Occasional",24,111.9,"No",1
"5512-IDZEI","Male",35,"No","No",46,2,"5G",0,1,0,"Occasional",12,24.9,"No",1
"0459-SPZHJ","Male",33,"Yes","Yes",63,2,"5G",3,2,3,"Occasional",24,83.5,"No",1
"0215-BQKGS","Male",41,"No","No",30,1,"5G",3,2,0,"Occasional",1,84.3,"No",1
"9244-ZVAPM","Male",40,"No","No",1,1,"5G",0,2,0,"Occasional",1,45.6,"No",1
"0719-SYFRB","Female",21,"No","No",12,2,"DSL",1,3,0,"Occasional",1,61.65,"Yes",1
"8208-EUMTE","Male",40,"No","No",16,0,"5G",3,3,1,"Occasional",24,54.85,"No",1
"5172-MIGPM","Male",60,"No","No",4,2,"5G",0,3,2,"Occasional",1,65.55,"No",1
"1710-RCXUS","Male",51,"Yes","No",51,2,"5G",2,2,2,"Occasional",12,90.35,"No",1
"0374-FIUCA","Male",60,"No","No",65,1,"5G",0,1,0,"Occasional",24,20.4,"No",1
"5839-SUYVZ","Male",42,"No","No",16,1,"5G",0,3,0,"Occasional",1,74.55,"No",1
"5173-ZXXXL","Male",57,"No","No",2,1,"5G",0,1,0,"Occasional",12,19.95,"No",1
"1096-ADRUX","Female",40,"Yes","Yes",66,2,"5G",0,2,0,"Occasional",12,74.25,"No",1
"2001-MCUUW","Male",33,"No","No",46,2,"5G",2,3,3,"Occasional",24,108.65,"No",1
"2731-GJRDG","Female",29,"No","No",32,2,"5G",1,3,3,"Occasional",12,109.55,"No",1
"4723-BEGSG","Male",62,"Yes","No",72,2,"5G",1,3,3,"Occasional",24,86.65,"No",1
"6516-NKQBO","Male",57,"Yes","Yes",38,1,"5G",1,3,3,"Occasional",24,81,"No",1
"8672-OAUPW","Male",21,"No","Yes",51,1,"5G",0,3,0,"Occasional",12,47.85,"No",1
"8207-DMRVL","Male",54,"Yes","Yes",72,2,"5G",3,3,3,"Occasional",24,114.55,"No",1
"3419-SNJJD","Female",81,"Yes","No",65,2,"5G",1,2,3,"Occasional",1,105.25,"Yes",1
"6543-CPZMK","Male",65,"No","No",9,0,"DSL",2,2,0,"Occasional",1,29.95,"Yes",1
"4765-OXPPD","Female",61,"Yes","Yes",9,1,"5G",3,3,0,"Occasional",1,65,"Yes",1
"2804-ETQDK","Male",19,"No","Yes",66,1,"5G",0,1,0,"Occasional",24,20.55,"No",1
"6689-VRRTK","Female",73,"No","No",44,2,"DSL",3,2,3,"Occasional",12,109.8,"No",1
"7138-GIRSH","Male",53,"No","No",50,2,"5G",0,3,2,"Occasional",24,69.5,"No",1
"9396-ZSFLL","Female",43,"No","No",15,2,"5G",0,2,0,"Occasional",1,48.85,"No",1
"6464-KEXXH","Male",21,"No","No",8,0,"5G",0,2,0,"Occasional",1,25.25,"No",1
"7134-MJPDY","Female",75,"No","No",66,2,"5G",0,3,3,"Occasional",12,102.85,"No",1
"5240-CAOYT","Female",55,"No","No",57,2,"5G",3,3,0,"Occasional",1,87.55,"No",1
"4059-IIEBK","Female",31,"No","No",7,2,"5G",2,2,0,"Occasional",1,78.55,"No",1
"4881-JVQOD","Male",66,"Yes","Yes",10,0,"5G",0,2,2,"Occasional",1,34.55,"No",1
"0516-UXRMT","Female",50,"No","No",62,2,"5G",3,2,0,"Occasional",12,92.05,"No",1
"4851-BQDNX","Male",42,"Yes","Yes",40,1,"5G",0,2,1,"Occasional",12,85.05,"No",1
"5148-HKFIR","Female",42,"No","No",20,1,"5G",0,1,0,"Occasional",24,19.7,"No",1
"1009-IRMNA","Female",22,"No","No",7,1,"5G",0,1,0,"Occasional",1,20,"Yes",1
"3003-CMDUU","Female",45,"No","No",25,1,"5G",0,3,3,"Occasional",1,95.15,"No",1
"5016-IBERQ","Male",63,"Yes","No",23,2,"5G",2,2,0,"Occasional",1,84.25,"No",1
"6797-UCJHZ","Female",85,"Yes","No",66,2,"5G",2,2,3,"Occasional",12,104.6,"No",1
"2469-DTSGX","Female",70,"No","No",72,2,"5G",2,3,3,"Occasional",24,111.65,"No",1
"4554-YGZIH","Male",90,"Yes","No",49,2,"5G",2,2,2,"Occasional",1,90.05,"Yes",1
"5099-BAILX","Male",79,"Yes","Yes",43,2,"5G",2,3,3,"Occasional",1,110.75,"Yes",1
"9931-KGHOA","Female",31,"Yes","No",46,2,"5G",1,2,0,"Occasional",1,55,"No",1
"1775-KWJKQ","Male",56,"Yes","Yes",72,2,"5G",3,3,3,"Occasional",24,89.85,"No",1
"7665-VIGUD","Male",46,"No","No",10,1,"DSL",0,1,0,"Occasional",12,20.35,"No",1
"9411-TPQQV","Female",20,"No","No",40,0,"5G",1,3,3,"Occasional",12,54.55,"No",1
"7207-RMRDB","Female",61,"Yes","Yes",65,2,"5G",2,2,3,"Occasional",1,105.5,"Yes",1
"7954-MLBUN","Male",43,"No","No",31,1,"5G",0,3,3,"Occasional",24,99.45,"No",1
"2077-DDHJK","Female",48,"Yes","No",68,2,"5G",3,3,0,"Occasional",24,70.9,"No",1
"4913-EHYUI","Male",88,"Yes","Yes",56,2,"5G",1,2,3,"Occasional",12,104.55,"Yes",1
"0195-IESCP","Male",54,"Yes","No",10,2,"5G",0,2,2,"Occasional",1,85.25,"Yes",1
"9574-BOSMD","Male",21,"Yes","Yes",68,2,"5G",0,1,0,"Occasional",24,25.4,"No",1
"4580-TMHJU","Female",56,"Yes","Yes",43,1,"5G",0,2,1,"Occasional",1,56.15,"Yes",1
"0970-ETWGE","Male",41,"No","No",1,1,"DSL",0,2,3,"Occasional",1,89.55,"Yes",1
"4908-XAXAY","Female",72,"No","No",49,1,"5G",2,2,2,"Occasional",12,89.85,"No",1
"8404-VLQFB","Female",42,"No","No",15,2,"DSL",0,1,0,"Occasional",1,25.25,"No",1
"1626-ERCMM","Male",89,"Yes","No",20,2,"5G",0,2,3,"Occasional",1,94.55,"Yes",1
"0887-HJGAR","Male",42,"No","No",1,1,"5G",0,2,0,"Occasional",1,45.7,"Yes",1
"2391-IPLOP","Male",27,"Yes","Yes",50,2,"5G",0,3,1,"Occasional",12,69.65,"No",1
"5644-PDMZC","Female",69,"No","No",2,2,"5G",2,2,2,"Occasional",1,89.5,"Yes",1
"3509-GWQGF","Male",73,"No","No",24,1,"5G",0,2,0,"Occasional",1,70,"No",1
"9576-ANLXO","Female",36,"No","No",3,1,"5G",0,2,0,"Occasional",1,69.55,"Yes",1
"2024-BASKD","Female",64,"No","No",1,1,"5G",0,2,0,"Occasional",1,74.6,"Yes",1
"5845-BZZIB","Male",22,"Yes","Yes",35,1,"5G",0,1,0,"Occasional",24,20.1,"No",1
"1140-UKVZG","Female",54,"No","No",17,2,"5G",0,1,0,"Occasional",1,24.8,"No",1
"4160-AMJTL","Female",74,"No","No",8,1,"5G",0,1,0,"Occasional",1,19.65,"Yes",1
"5183-SNMJQ","Male",52,"No","No",10,1,"5G",0,3,3,"Occasional",1,95.1,"No",1
"8100-PNJMH","Male",47,"Yes","Yes",68,2,"5G",3,3,3,"Occasional",24,88.85,"No",1
"7838-LAZFO","Male",32,"Yes","No",45,1,"DSL",3,2,3,"Occasional",12,78.8,"No",1
"4464-JCOLN","Male",19,"Yes","Yes",2,1,"5G",0,1,0,"Occasional",12,19.85,"Yes",1
"2085-JVGAD","Male",55,"No","No",37,1,"5G",0,1,0,"Occasional",1,20.35,"No",1
"5650-VDUDS","Female",36,"No","No",4,0,"DSL",0,2,0,"Occasional",1,24.25,"Yes",1
"8095-WANWK","Female",58,"No","No",10,1,"5G",0,2,0,"Occasional",1,45.25,"No",1
"3030-ZKIWL","Male",22,"No","No",1,1,"5G",0,1,0,"Occasional",1,20.05,"No",1
"9565-FLVCG","Male",63,"Yes","Yes",65,2,"5G",3,2,2,"Occasional",24,69.55,"No",1
"8755-OGKNA","Female",20,"Yes","Yes",57,1,"5G",0,1,0,"Occasional",24,19.5,"No",1
"2800-VEQXM","Female",63,"No","No",3,1,"5G",0,2,0,"Occasional",1,74.75,"No",1
"7538-GWHML","Female",33,"No","No",2,1,"5G",0,2,0,"Occasional",1,69.65,"Yes",1
"5533-RJFTJ","Male",40,"No","No",49,0,"5G",0,2,0,"Occasional",1,30.2,"No",1
"3859-CVCET","Female",22,"No","No",4,1,"5G",0,2,0,"Occasional",1,45.65,"Yes",1
"0214-JHPFW","Female",50,"Yes","No",70,0,"5G",2,3,3,"Occasional",24,57.8,"No",1
"5642-MHDQT","Female",20,"Yes","Yes",53,1,"DSL",0,1,0,"Occasional",12,19.85,"No",1
"3088-FVYWK","Male",51,"No","No",53,2,"5G",0,1,0,"Occasional",24,25.55,"No",1
"3276-HDUEG","Female",29,"No","No",1,2,"5G",0,2,0,"Occasional",1,75.05,"Yes",1
"9092-GDZKO","Male",20,"No","No",22,2,"5G",0,1,0,"Occasional",1,24.85,"No",1
"0823-HSCDJ","Male",75,"No","No",52,0,"5G",2,2,3,"Occasional",1,49.15,"Yes",1
"3729-OWRVL","Male",66,"No","No",65,2,"5G",1,3,3,"Occasional",24,110.35,"No",1
"2324-AALNO","Female",21,"No","No",48,2,"5G",0,1,0,"Occasional",12,24.55,"No",1
"0822-GAVAP","Female",19,"No","No",2,0,"5G",0,2,2,"Occasional",1,34.7,"Yes",1
"5760-IFJOZ","Male",49,"No","No",3,2,"5G",2,2,3,"Occasional",1,107.95,"No",1
"2826-UWHIS","Male",48,"Yes","No",45,2,"5G",2,2,0,"Occasional",1,81.4,"No",1
"1448-PWKYE","Male",60,"Yes","Yes",1,1,"5G",0,2,2,"Occasional",1,80,"Yes",1
"7501-IWUNG","Female",63,"No","No",61,1,"5G",0,3,3,"Occasional",24,73.8,"No",1
"4957-TREIR","Male",49,"No","No",3,1,"5G",1,3,1,"Occasional",1,64.4,"No",1
"7251-LJBQN","Female",84,"No","No",40,2,"5G",0,3,3,"Occasional",12,103.75,"No",1
"8040-MNRTF","Female",44,"No","No",1,1,"5G",0,2,0,"Occasional",1,71.1,"No",1
"1536-HBSWP","Female",51,"No","No",1,1,"DSL",0,3,0,"Occasional",1,49.9,"No",1
"5313-FPXWG","Male",20,"No","No",51,2,"5G",0,1,0,"Occasional",12,24.6,"No",1
"0067-DKWBL","Male",83,"No","No",2,1,"5G",1,2,0,"Occasional",1,49.25,"Yes",1
"0946-FKYTX","Male",61,"No","No",52,0,"5G",2,2,0,"Occasional",12,30.1,"No",1
"5076-YVXCM","Male",31,"No","No",51,2,"5G",0,2,2,"Occasional",1,83.4,"No",1
"8262-COGGB","Male",22,"No","No",1,1,"DSL",0,1,0,"Occasional",1,20.45,"No",1
"6663-JOCQO","Male",43,"No","No",31,2,"5G",3,3,2,"Occasional",12,75.25,"No",1
"9620-QJREV","Male",19,"No","Yes",47,1,"5G",0,1,0,"Occasional",12,20.55,"No",1
"2276-YDAVZ","Female",31,"No","No",3,2,"5G",0,2,0,"Occasional",1,75.1,"Yes",1
"2682-KEVRP","Female",75,"No","No",22,1,"5G",0,1,0,"Occasional",12,20.05,"No",1
"2480-JZOSN","Female",20,"Yes","No",1,1,"5G",0,1,0,"Occasional",1,20.65,"No",1
"0078-XZMHT","Male",52,"Yes","No",72,2,"5G",2,3,3,"Occasional",24,85.15,"No",1
"5896-NPFWW","Male",58,"Yes","Yes",3,1,"5G",0,2,0,"Occasional",1,50.15,"Yes",1
"9978-HYCIN","Male",78,"Yes","Yes",47,1,"5G",2,2,1,"Occasional",12,84.95,"No",1
"8338-QIUNR","Male",30,"Yes","Yes",72,2,"5G",1,3,0,"Occasional",24,66.5,"No",1
"1525-LNLOJ","Male",61,"Yes","Yes",66,2,"5G",0,2,1,"Occasional",24,63.3,"No",1
"9450-TRJUU","Male",34,"No","No",35,2,"5G",0,2,1,"Occasional",1,83.15,"No",1
"1766-GKNMI","Male",50,"No","No",29,2,"5G",0,2,2,"Occasional",1,84.9,"No",1
"6942-LBFDP","Female",20,"No","No",2,1,"DSL",0,1,0,"Occasional",1,20.55,"No",1
"1456-TWCGB","Male",64,"No","No",4,1,"5G",2,2,0,"Occasional",1,49.25,"No",1
"7133-VBDCG","Female",46,"No","No",25,1,"DSL",3,2,0,"Occasional",1,79.85,"Yes",1
"7596-ZYWBB","Female",33,"No","No",65,1,"DSL",3,3,0,"Occasional",24,59.6,"No",1
"8329-UTMVM","Male",65,"No","No",27,2,"5G",2,3,3,"Occasional",12,104.65,"No",1
"3014-WJKSM","Male",39,"Yes","No",29,1,"5G",0,2,0,"Occasional",1,75.3,"No",1
"3347-YJZZE","Male",25,"Yes","Yes",29,2,"5G",2,2,3,"Occasional",1,80.1,"No",1
"1029-QFBEN","Male",52,"No","No",1,1,"5G",0,1,0,"Occasional",1,19.55,"Yes",1
"7929-DMBCV","Female",30,"Yes","No",20,1,"5G",0,3,0,"Occasional",1,81,"No",1
"9661-JALZV","Female",19,"No","No",58,2,"5G",0,1,0,"Occasional",24,24.7,"No",1
"5433-KYGHE","Female",63,"No","Yes",14,2,"5G",1,3,0,"Occasional",1,86,"No",1
"4312-KFRXN","Male",20,"Yes","No",72,2,"5G",0,1,0,"Occasional",24,25.4,"No",1
"5575-TPIZQ","Male",33,"No","No",46,2,"DSL",1,2,1,"Occasional",1,89.15,"No",1
"0114-IGABW","Female",36,"Yes","No",71,0,"5G",2,3,3,"Occasional",24,58.25,"No",1
"9944-AEXBM","Male",37,"No","No",32,2,"5G",0,2,2,"Occasional",1,85.65,"No",1
"1853-ARAAQ","Female",43,"No","No",26,0,"5G",0,2,3,"Occasional",1,50.35,"No",1
"6952-OMNWB","Male",71,"Yes","No",68,2,"5G",0,2,0,"Occasional",1,80.35,"No",1
"4697-LUPSU","Male",38,"No","No",2,1,"5G",0,1,0,"Occasional",12,20.2,"No",1
"8434-VGEQQ","Male",22,"Yes","Yes",61,1,"5G",0,1,0,"Occasional",24,20.55,"No",1
"4952-YSOGZ","Female",57,"Yes","Yes",4,2,"5G",0,2,2,"Occasional",1,85.95,"Yes",1
"1589-AGTLK","Male",19,"No","No",3,1,"5G",0,2,0,"Occasional",1,45.35,"Yes",1
"5244-IRFIH","Male",82,"Yes","No",33,2,"5G",0,2,3,"Occasional",1,94.5,"Yes",1
"6549-YMFAW","Male",73,"Yes","No",9,1,"5G",0,1,0,"Occasional",1,21.25,"No",1
"4950-HKQTE","Female",19,"No","No",22,2,"5G",0,1,0,"Occasional",24,26.25,"No",1
"6786-OBWQR","Female",33,"Yes","Yes",5,1,"5G",0,2,1,"Occasional",1,80.85,"No",1
"2684-EIWEO","Female",79,"No","No",30,2,"5G",3,2,0,"Occasional",1,91.7,"Yes",1
"2753-JMMCV","Male",37,"No","No",65,2,"5G",2,3,2,"Occasional",24,74.2,"No",1
"6439-GTPCA","Female",40,"No","No",45,2,"5G",0,3,0,"Occasional",1,87.25,"Yes",1
"6621-YOBKI","Male",44,"No","No",5,1,"5G",0,1,0,"Occasional",1,20.35,"No",1
"1216-JWVUX","Male",25,"Yes","Yes",25,1,"5G",2,2,0,"Occasional",1,75.5,"No",1
"7564-GHCVB","Female",36,"Yes","Yes",72,2,"5G",1,2,0,"Occasional",24,79.05,"No",1
"1173-NOEYG","Female",49,"Yes","No",27,2,"5G",0,2,2,"Occasional",1,90.15,"No",1
"7595-EHCDL","Male",41,"Yes","Yes",32,0,"5G",0,2,3,"Occasional",1,50.6,"No",1
"6647-ZEDXT","Female",53,"No","No",30,2,"DSL",2,3,3,"Occasional",12,110.45,"No",1
"2521-NPUZR","Male",50,"Yes","No",70,1,"5G",3,3,2,"Occasional",24,101,"No",1
"1307-TVUFB","Male",82,"No","No",42,2,"5G",2,2,0,"Occasional",1,79.35,"No",1
"7503-MIOGA","Female",72,"Yes","No",72,2,"5G",3,3,3,"Occasional",24,89.85,"No",1
"4381-MHQDC","Female",63,"No","No",47,2,"5G",1,3,0,"Occasional",24,65,"No",1
"6923-JHPMP","Female",39,"No","No",2,1,"5G",1,2,0,"Occasional",1,80.45,"No",1
"5138-WVKYJ","Male",47,"No","No",10,2,"5G",1,2,3,"Occasional",1,98.55,"Yes",1
"4018-PPNDW","Female",54,"No","No",61,2,"5G",0,1,0,"Occasional",24,24.1,"No",1
"1635-FJFCC","Female",38,"No","No",5,1,"5G",0,2,0,"Occasional",1,44.05,"No",1
"2499-AJYUA","Female",83,"Yes","No",72,2,"5G",2,3,3,"Occasional",24,110.8,"No",1
"6919-ELBGL","Male",87,"Yes","Yes",72,2,"5G",3,3,3,"Occasional",24,114.95,"No",1
"3966-HRMZA","Female",68,"No","No",3,1,"5G",0,2,0,"Occasional",1,75.05,"No",1
"6425-JWTDV","Male",20,"Yes","No",48,1,"DSL",0,1,0,"Occasional",24,19.25,"No",1
"8405-IGQFX","Female",52,"No","No",63,1,"DSL",0,3,1,"Occasional",12,90.05,"No",1
"8224-IVVPA","Female",52,"No","No",27,1,"5G",3,2,0,"Occasional",1,56.7,"No",1
"9477-LGWQI","Male",48,"Yes","Yes",70,1,"5G",3,2,3,"Occasional",24,80.15,"No",1
"1410-RSCMR","Male",62,"Yes","Yes",7,1,"5G",1,3,2,"Occasional",1,71.35,"No",1
"3115-CZMZD","Male",51,"No","No",0,1,"5G",0,1,0,"Occasional",24,20.25,"No",1
"0139-IVFJG","Female",52,"Yes","No",2,1,"DSL",3,2,1,"Occasional",1,90.35,"No",1
"6683-VLCTZ","Male",67,"No","No",20,2,"5G",0,2,3,"Occasional",1,98.55,"Yes",1
"5730-DBDSI","Male",36,"No","No",66,1,"5G",0,1,0,"Occasional",24,19.7,"No",1
"0030-FNXPP","Female",47,"No","No",3,1,"5G",0,1,0,"Occasional",1,19.85,"No",1
"2189-WWOEW","Female",48,"No","Yes",15,1,"5G",2,2,2,"Occasional",1,85.9,"Yes",1
"5684-FJVYR","Female",47,"Yes","Yes",72,2,"5G",3,3,0,"Occasional",24,90.35,"No",1
"4013-GUXND","Male",59,"No","No",1,1,"5G",0,1,0,"Occasional",1,20.8,"No",1
"1894-IGFSG","Female",26,"No","No",22,1,"5G",0,2,3,"Occasional",1,89.25,"Yes",1
"7379-POKDZ","Male",62,"Yes","No",3,1,"5G",0,2,0,"Occasional",1,70.3,"Yes",1
"1266-NZYUI","Female",21,"Yes","Yes",72,2,"5G",1,3,0,"Occasional",24,66.85,"No",1
"7969-FFOWG","Male",49,"No","No",65,1,"5G",0,1,0,"Occasional",24,19.9,"No",1
"4718-DHSMV","Female",21,"No","No",11,0,"5G",0,2,1,"Occasional",1,35.8,"No",1
"5175-WLYXL","Male",59,"No","No",22,2,"5G",2,2,0,"Occasional",1,78.85,"No",1
"7817-OMJNA","Male",61,"No","No",14,1,"5G",0,1,0,"Occasional",12,20.4,"No",1
"8728-SKJLR","Male",40,"No","No",41,1,"5G",0,3,0,"Occasional",1,74.25,"No",1
"3137-NYQQI","Male",53,"Yes","No",17,1,"5G",3,2,2,"Occasional",12,64.8,"No",1
"7706-DZNKK","Male",19,"No","No",11,1,"5G",0,1,0,"Occasional",1,20.45,"No",1
"0236-HFWSV","Male",51,"No","No",15,2,"5G",0,2,3,"Occasional",1,93.35,"Yes",1
"3900-AQPHZ","Female",22,"No","No",1,1,"5G",0,1,0,"Occasional",1,19.9,"Yes",1
"5842-POCOP","Female",25,"Yes","No",5,1,"5G",1,2,2,"Occasional",1,88.9,"Yes",1
"2037-XJFUP","Male",45,"Yes","No",33,1,"DSL",0,2,3,"Occasional",12,95.8,"Yes",1
"8823-RLPWL","Female",31,"Yes","No",72,2,"5G",3,2,3,"Occasional",24,110.65,"No",1
"9505-SQFSW","Female",21,"Yes","Yes",3,0,"5G",2,2,2,"Occasional",1,40.3,"No",1
"7314-OXENN","Male",34,"No","No",2,2,"5G",2,2,0,"Occasional",1,82,"Yes",1
"3758-CKOQL","Female",24,"Yes","No",59,2,"5G",3,3,2,"Occasional",12,107,"No",1
"0322-CHQRU","Male",21,"No","No",2,1,"5G",0,2,0,"Occasional",1,45.35,"Yes",1
"5676-CFLYY","Male",44,"Yes","Yes",71,1,"5G",2,3,3,"Occasional",24,73.35,"No",1
"7521-AFHAB","Female",62,"No","No",5,1,"5G",0,2,0,"Occasional",1,44.8,"No",1
"0285-INHLN","Male",60,"Yes","Yes",27,1,"5G",3,2,0,"Occasional",1,54.75,"No",1
"4678-DVQEO","Female",21,"No","No",1,1,"5G",0,3,0,"Occasional",1,52.2,"Yes",1
"5125-CNDSP","Male",25,"No","Yes",63,0,"5G",3,3,0,"Occasional",12,40.6,"No",1
"0691-IFBQW","Female",73,"No","No",46,2,"5G",3,2,3,"Occasional",12,110,"Yes",1
"4992-LTJNE","Male",44,"Yes","Yes",72,2,"5G",1,2,0,"Occasional",24,55.3,"No",1
"2202-OUTMO","Female",55,"Yes","No",34,2,"5G",1,3,0,"Occasional",1,60.85,"No",1
"0810-BDHAW","Female",62,"Yes","Yes",24,2,"5G",3,2,3,"Occasional",12,78.4,"No",1
"0229-LFJAF","Male",60,"No","No",72,2,"5G",3,3,0,"Occasional",24,69.65,"No",1
"7131-ZQZNK","Female",59,"Yes","Yes",60,0,"DSL",1,3,3,"Occasional",24,59.85,"No",1
"3442-ZHHCC","Male",63,"No","No",68,2,"DSL",3,2,2,"Occasional",12,76.9,"No",1
"5726-CVNYA","Female",19,"Yes","Yes",8,1,"5G",0,1,0,"Occasional",24,19.85,"No",1
"9871-ELEYA","Female",41,"No","Yes",34,1,"5G",1,3,1,"Occasional",24,67.65,"No",1
"4257-GAESD","Female",43,"No","No",6,0,"5G",0,2,3,"Occasional",1,45,"No",1
"5173-WXOQV","Male",44,"Yes","No",2,1,"5G",2,3,2,"Occasional",1,64.2,"No",1
"2040-OBMLJ","Male",26,"No","No",31,2,"5G",0,3,0,"Occasional",12,81.7,"No",1
"6286-ZHAOK","Female",21,"Yes","Yes",20,2,"5G",0,1,0,"Occasional",1,25.55,"No",1
"3807-XHCJH","Female",50,"No","No",1,1,"DSL",0,1,0,"Occasional",1,20,"No",1
"3009-JWMPU","Male",25,"No","No",62,2,"5G",0,2,3,"Occasional",12,96.75,"Yes",1
"5671-RQRLP","Female",70,"Yes","No",70,2,"5G",0,2,0,"Occasional",24,75.65,"No",1
"1450-GALXR","Female",63,"No","No",10,2,"5G",0,3,3,"Occasional",1,98.5,"Yes",1
"8859-AXJZP","Male",61,"No","No",39,2,"5G",0,1,0,"Occasional",24,23.8,"No",1
"3174-AKMAS","Female",24,"Yes","No",46,1,"5G",2,3,1,"Occasional",24,64.2,"No",1
"3138-BKYAV","Male",19,"No","No",6,1,"DSL",2,2,1,"Occasional",1,85.35,"Yes",1
"9926-PJHDQ","Female",49,"Yes","Yes",72,2,"DSL",0,2,3,"Occasional",24,76.8,"No",1
"7382-DFJTU","Male",20,"No","No",18,1,"DSL",0,3,0,"Occasional",1,55.2,"No",1
"2798-NYLMZ","Male",45,"Yes","No",71,2,"5G",1,3,3,"Occasional",24,108.55,"No",1
"4289-DTDKW","Male",48,"No","No",40,2,"5G",2,2,3,"Occasional",1,101.3,"Yes",1
"1820-TQVEV","Male",58,"No","No",1,1,"5G",0,2,0,"Occasional",1,69.55,"Yes",1
"2239-JALAW","Male",52,"No","No",58,2,"5G",2,2,3,"Occasional",12,103.25,"Yes",1
"4853-RULSV","Male",37,"No","No",70,2,"DSL",1,3,3,"Occasional",24,104,"Yes",1
"8098-TDCBU","Female",61,"No","No",42,2,"5G",0,1,0,"Occasional",24,25.25,"No",1
"3551-GAEGL","Male",35,"No","No",34,0,"5G",1,2,0,"Occasional",12,30.4,"No",1
"4785-NKHCX","Male",70,"No","No",5,1,"5G",0,1,0,"Occasional",1,20.05,"No",1
"3196-NVXLZ","Female",63,"No","No",25,2,"5G",0,2,1,"Occasional",1,84.6,"No",1
"6275-YDUVO","Female",36,"No","No",2,1,"5G",0,2,2,"Occasional",1,86.2,"Yes",1
"0036-IHMOT","Female",37,"Yes","Yes",55,1,"DSL",2,3,3,"Occasional",12,103.7,"No",1
"0115-TFERT","Male",33,"Yes","No",21,2,"5G",2,3,3,"Occasional",1,111.2,"Yes",1
"4178-EGMON","Male",59,"No","No",70,2,"DSL",3,3,0,"Occasional",24,88,"No",1
"4220-TINQT","Female",26,"Yes","No",61,2,"5G",0,3,3,"Occasional",1,106.35,"No",1
"5318-YKDPV","Male",37,"Yes","Yes",43,1,"DSL",1,3,3,"Occasional",24,79.15,"No",1
"7975-TZMLR","Male",54,"No","No",47,2,"DSL",2,2,3,"Occasional",12,103.1,"No",1
"0295-QVKPB","Male",48,"No","No",5,1,"DSL",0,3,1,"Occasional",1,63.95,"No",1
"4335-BSMJS","Female",54,"No","No",62,2,"DSL",0,1,0,"Occasional",24,25.8,"No",1
"2311-QYMUQ","Female",27,"Yes","Yes",16,1,"5G",2,2,1,"Occasional",1,89.45,"Yes",1
"3643-AHCFP","Male",79,"Yes","No",7,2,"DSL",0,2,3,"Occasional",1,95.6,"Yes",1
"9146-JRIOX","Female",22,"Yes","Yes",14,2,"5G",0,1,0,"Occasional",1,25.55,"No",1
"3104-OWCGK","Male",56,"Yes","Yes",60,1,"5G",2,2,1,"Occasional",12,90.95,"Yes",1
"5337-IIWKZ","Male",46,"Yes","Yes",34,0,"5G",0,3,1,"Occasional",1,44.85,"No",1
"9101-BWFSS","Female",27,"Yes","No",50,2,"5G",3,3,3,"Occasional",12,108.55,"Yes",1
"9650-VBUOG","Male",22,"Yes","Yes",38,2,"5G",0,1,0,"Occasional",24,25.05,"No",1
"3487-EARAT","Female",60,"Yes","Yes",70,1,"DSL",3,3,2,"Occasional",12,74.1,"No",1
"2672-TGEFF","Female",20,"Yes","Yes",37,2,"5G",2,2,1,"Occasional",1,88.8,"No",1
"9231-ZJYAM","Female",71,"No","No",4,1,"5G",0,2,1,"Occasional",1,78.85,"Yes",1
"4250-WAROZ","Male",82,"Yes","Yes",60,2,"5G",3,2,2,"Occasional",1,93.25,"No",1
"8184-WMOFI","Male",24,"Yes","Yes",62,1,"5G",1,3,2,"Occasional",12,71.4,"No",1
"6982-SSHFK","Male",62,"No","No",1,1,"5G",0,2,0,"Occasional",1,44.4,"Yes",1
"6092-QZVPP","Male",38,"No","No",36,1,"5G",1,3,3,"Occasional",1,79.2,"No",1
"4625-LAMOB","Male",48,"No","No",44,1,"5G",0,1,0,"Occasional",24,20.4,"No",1
"0727-BMPLR","Female",67,"No","No",55,2,"5G",0,2,3,"Occasional",12,100,"Yes",1
"0392-BZIUW","Female",53,"Yes","No",72,2,"5G",1,2,3,"Occasional",24,105,"No",1
"1038-ZAGBI","Female",39,"No","No",12,1,"5G",0,1,0,"Occasional",12,19.8,"Yes",1
"6549-NNDYT","Female",47,"No","No",13,0,"5G",1,2,0,"Occasional",1,30.85,"No",1
"3027-ZTDHO","Male",26,"No","No",1,1,"5G",0,2,3,"Occasional",1,89.9,"Yes",1
"0422-OHQHQ","Female",59,"No","No",15,1,"5G",0,1,0,"Occasional",12,20.55,"No",1
"6916-HIJSE","Female",40,"No","No",65,1,"5G",3,3,3,"Occasional",24,84.85,"No",1
"2316-ESMLS","Female",45,"No","No",12,0,"5G",1,3,0,"Occasional",12,33.15,"No",1
"9778-OGKQZ","Male",36,"Yes","No",72,2,"5G",3,3,3,"Occasional",24,92,"No",1
"7408-OFWXJ","Female",27,"Yes","Yes",72,2,"5G",3,3,3,"Occasional",24,89.8,"No",1
"6007-TCTST","Female",53,"Yes","Yes",72,2,"5G",3,3,3,"Occasional",24,115.8,"No",1
"2252-NKNSI","Male",49,"No","Yes",52,2,"5G",3,3,3,"Occasional",24,85.15,"No",1
"8713-IGZSO","Male",21,"No","No",2,2,"5G",0,1,0,"Occasional",1,24.85,"No",1
"7905-TVXTA","Female",28,"No","No",5,1,"5G",1,3,1,"Occasional",1,64.35,"No",1
"7695-PKLCZ","Female",22,"No","No",68,1,"5G",0,1,0,"Occasional",24,20.5,"No",1
"2382-BCKQJ","Female",47,"No","Yes",62,2,"5G",0,2,3,"Occasional",12,100.15,"Yes",1
"8374-UULRV","Male",48,"No","No",72,2,"5G",3,3,3,"Occasional",24,86.05,"No",1
"2207-NHRJK","Male",43,"No","No",1,1,"5G",2,2,0,"Occasional",1,50.8,"Yes",1
"3224-DFQNQ","Female",58,"Yes","No",66,2,"DSL",3,3,0,"Occasional",12,89,"No",1
"5275-PMFUT","Male",57,"Yes","Yes",72,0,"5G",3,3,3,"Occasional",24,64.8,"No",1
"4795-UXVCJ","Male",53,"No","No",26,1,"5G",0,1,0,"Occasional",12,19.8,"No",1
"9777-IQHWP","Male",53,"Yes","Yes",64,2,"5G",1,2,2,"Occasional",24,93.4,"No",1
"0947-MUGVO","Male",75,"Yes","No",20,1,"5G",2,2,0,"Occasional",1,73.65,"Yes",1
"9944-HKVVB","Female",46,"No","No",3,1,"5G",2,2,3,"Occasional",1,95.1,"Yes",1
"4124-MMETB","Male",49,"No","No",22,2,"5G",0,2,3,"Occasional",1,94.65,"Yes",1
"3671-SHRSP","Male",21,"Yes","No",4,1,"5G",0,3,0,"Occasional",1,80.6,"Yes",1
"0979-MOZQI","Male",20,"Yes","No",62,0,"5G",0,3,1,"Occasional",24,39,"No",1
"2732-ISEZX","Female",43,"No","No",5,1,"5G",0,1,0,"Occasional",1,20.5,"No",1
"3313-QKNKB","Male",20,"Yes","No",59,2,"5G",0,2,2,"Occasional",12,85.55,"Yes",1
"0323-XWWTN","Male",37,"No","No",3,2,"5G",0,1,0,"Occasional",24,26.4,"No",1
"1937-OTUKY","Female",39,"No","No",72,2,"5G",1,3,1,"Occasional",24,98.2,"No",1
"1573-LGXBA","Male",25,"Yes","Yes",57,1,"5G",2,2,3,"Occasional",12,97.55,"No",1
"1764-VUUMT","Male",59,"No","No",66,1,"DSL",0,1,0,"Occasional",24,19.95,"No",1
"5073-WXOYN","Female",52,"No","No",60,0,"DSL",2,2,3,"Occasional",1,50.8,"Yes",1
"4713-ZBURT","Male",39,"No","No",45,2,"5G",0,2,3,"Occasional",24,99.7,"No",1
"3050-GBUSH","Female",65,"No","No",3,0,"5G",0,2,1,"Occasional",1,34.8,"No",1
"0207-MDKNV","Female",63,"No","No",15,1,"5G",1,3,3,"Occasional",1,105.1,"Yes",1
"7876-AEHIG","Female",35,"No","Yes",51,0,"5G",1,3,3,"Occasional",12,60.15,"No",1
"7945-HLKEA","Female",39,"No","No",60,2,"5G",1,3,0,"Occasional",12,64.75,"No",1
"9342-VNIMQ","Male",53,"No","No",33,2,"5G",2,2,0,"Occasional",1,54.65,"No",1
"9851-KIELU","Male",42,"No","No",10,1,"5G",3,3,3,"Occasional",1,110.1,"Yes",1
"3523-BRGUW","Male",79,"No","No",26,1,"5G",0,1,0,"Occasional",12,19.3,"No",1
"3908-BLSYF","Female",53,"No","No",6,1,"5G",0,2,2,"Occasional",1,83.9,"Yes",1
"3199-NPKCN","Female",40,"Yes","No",67,2,"5G",1,3,3,"Occasional",12,111.25,"No",1
"5170-PTRKA","Female",44,"No","No",49,0,"5G",1,3,0,"Occasional",12,35.8,"No",1
"4661-NJEUX","Male",22,"No","No",1,1,"5G",0,1,0,"Occasional",1,20.05,"No",1
"2123-AGEEN","Female",73,"No","No",7,1,"DSL",0,2,1,"Occasional",1,84.35,"No",1
"1258-YMZNM","Female",65,"No","No",27,2,"5G",3,2,3,"Occasional",12,110.5,"No",1
"0048-LUMLS","Male",56,"Yes","Yes",37,1,"5G",0,2,3,"Occasional",12,91.2,"No",1
"7549-MYGPK","Female",20,"Yes","Yes",63,2,"5G",3,2,1,"Occasional",1,100.55,"Yes",1
"5898-IGSLP","Male",23,"Yes","Yes",31,2,"5G",1,3,0,"Occasional",1,89.3,"No",1
"3804-RVTGV","Male",47,"Yes","Yes",50,2,"5G",2,2,3,"Occasional",1,103.85,"Yes",1
"6259-WJQLC","Male",87,"No","No",32,2,"5G",0,2,0,"Occasional",1,81.1,"No",1
"9227-LUNBG","Female",52,"No","No",1,0,"5G",0,2,0,"Occasional",1,24.6,"Yes",1
"7997-EASSD","Female",46,"Yes","No",63,2,"5G",0,3,0,"Occasional",12,81.2,"No",1
"0730-KOAVE","Male",56,"No","No",30,2,"5G",3,2,2,"Occasional",1,94.3,"No",1
"8975-SKGRX","Male",24,"Yes","No",71,2,"5G",3,3,3,"Occasional",24,116.1,"No",1
"0678-RLHVP","Female",23,"No","No",53,2,"5G",2,2,3,"Occasional",24,105.55,"No",1
"4315-MURBD","Female",63,"No","No",12,1,"5G",1,3,3,"Occasional",1,98.9,"Yes",1
"2267-FPIMA","Male",60,"Yes","No",50,2,"5G",3,2,2,"Occasional",1,94.4,"No",1
"1051-GEJLJ","Female",19,"No","No",2,1,"5G",0,1,0,"Occasional",1,19.5,"No",1
"9734-YWGEX","Female",46,"No","No",9,2,"5G",0,2,3,"Occasional",1,98.3,"Yes",1
"2719-BDAQO","Male",44,"No","No",17,1,"5G",1,2,3,"Occasional",1,93.85,"Yes",1
"5285-MVEHD","Female",38,"Yes","No",56,1,"5G",3,2,3,"Occasional",12,105.6,"No",1
"0379-DJQHR","Male",25,"Yes","Yes",67,1,"DSL",3,2,3,"Occasional",24,81.35,"No",1
"0781-LKXBR","Male",79,"No","No",9,2,"5G",0,2,3,"Occasional",1,100.5,"Yes",1
"5543-QDCRY","Male",58,"No","No",4,1,"DSL",0,2,1,"Occasional",1,56.4,"No",1
"0297-RBCSG","Male",24,"No","No",19,1,"5G",2,3,2,"Occasional",12,65.35,"No",1
"4694-PHWFW","Female",40,"No","No",8,1,"5G",0,1,0,"Occasional",1,19.95,"No",1
"0835-JKADZ","Female",57,"No","No",71,2,"5G",2,3,3,"Occasional",24,111.25,"No",1
"1907-UBQFC","Male",84,"No","No",10,1,"5G",2,2,0,"Occasional",1,72.85,"Yes",1
"7508-SMHXL","Female",84,"No","No",15,2,"DSL",2,2,1,"Occasional",1,89,"No",1
"3865-YIOTT","Male",30,"Yes","Yes",72,2,"5G",1,2,3,"Occasional",12,106.1,"No",1
"5993-BQHEA","Male",50,"No","No",12,1,"5G",0,1,0,"Occasional",12,20.05,"No",1
"6024-RUGGH","Male",20,"Yes","Yes",72,2,"5G",0,1,0,"Occasional",24,25.2,"No",1
"6513-EECDB","Male",65,"Yes","No",1,2,"5G",0,2,0,"Occasional",1,73.55,"Yes",1
"3956-CJUST","Female",65,"No","No",23,1,"5G",1,2,0,"Occasional",1,75.4,"No",1
"4079-WWQQQ","Male",31,"No","No",72,0,"DSL",3,3,3,"Occasional",24,65.55,"No",1
"6103-BOCOU","Female",56,"No","No",26,2,"5G",0,2,0,"Occasional",1,80.7,"No",1
"5149-TGWDZ","Female",62,"No","No",21,1,"5G",2,3,3,"Occasional",12,104.55,"No",1
"7471-WNSUF","Male",65,"No","No",60,2,"5G",0,1,0,"Occasional",12,24.15,"No",1
"8942-DBMHZ","Male",39,"No","No",12,1,"5G",0,1,0,"Occasional",1,20.45,"No",1
"4301-VVZKA","Male",63,"No","No",16,2,"5G",0,2,0,"Occasional",1,75.4,"No",1
"9199-PWQVC","Female",60,"Yes","No",63,2,"5G",3,2,3,"Occasional",12,79.7,"No",1
"4824-GUCBY","Female",89,"No","No",22,1,"5G",3,2,0,"Occasional",1,81.7,"No",1
"5393-HJZSM","Female",45,"Yes","Yes",32,1,"DSL",3,3,2,"Occasional",1,76.3,"No",1
"7074-IEVOJ","Female",90,"No","No",3,2,"DSL",2,2,0,"Occasional",1,79.4,"Yes",1
"9625-QSTYE","Female",44,"No","No",13,1,"5G",2,2,0,"Occasional",1,81.15,"Yes",1
"0862-PRCBS","Female",31,"Yes","Yes",68,2,"DSL",2,3,3,"Occasional",24,103.75,"No",1
"8812-ZRHFP","Female",21,"Yes","Yes",30,1,"5G",0,2,2,"Occasional",12,86.45,"No",1
"5146-CBVOE","Female",27,"No","No",16,1,"5G",2,2,0,"Occasional",1,75.1,"No",1
"0454-OKRCT","Male",31,"No","No",33,1,"5G",2,3,0,"Occasional",24,80.6,"No",1
"5787-KXGIY","Male",20,"Yes","No",72,1,"DSL",0,1,0,"Occasional",24,19.3,"No",1
"4750-ZRXIU","Female",82,"No","No",4,2,"5G",0,2,2,"Occasional",1,84.6,"Yes",1
"4198-VFOEA","Female",50,"No","No",12,0,"5G",1,3,0,"Occasional",12,33.6,"No",1
"6630-UJZMY","Female",65,"Yes","No",4,2,"5G",0,2,1,"Occasional",1,83.25,"No",1
"5709-LVOEQ","Female",58,"Yes","Yes",0,1,"5G",3,2,3,"Occasional",24,80.85,"No",1
"6400-BWQKW","Female",63,"No","No",6,2,"5G",1,2,0,"Occasional",1,79.05,"Yes",1
"2692-AQCPF","Female",23,"Yes","No",65,2,"5G",2,3,3,"Occasional",12,108.05,"No",1
"0347-UBKUZ","Female",35,"No","No",15,1,"5G",0,1,0,"Occasional",1,19.9,"No",1
"0835-DUUIQ","Female",46,"No","No",24,1,"5G",0,1,0,"Occasional",12,21.05,"No",1
"0811-GSDTP","Female",59,"No","No",13,0,"5G",2,2,0,"Occasional",1,30.15,"No",1
"7567-ECMCM","Male",63,"No","No",24,1,"DSL",0,2,2,"Occasional",1,79.85,"No",1
"6115-ZTBFQ","Female",36,"Yes","No",72,0,"5G",3,3,3,"Occasional",24,65.5,"No",1
"6353-BRMMA","Female",38,"Yes","Yes",54,2,"5G",3,2,3,"Occasional",1,104.1,"No",1
"6680-WKXRZ","Female",55,"No","No",3,2,"DSL",0,2,0,"Occasional",1,74.4,"Yes",1
"6231-WFGFH","Male",46,"No","No",4,1,"5G",0,1,0,"Occasional",1,20.5,"No",1
"9904-EHEVJ","Female",66,"Yes","Yes",32,2,"5G",0,2,1,"Occasional",1,91.35,"No",1
"7028-DVOIQ","Male",71,"No","No",35,2,"5G",0,2,3,"Occasional",1,99.05,"Yes",1
"6169-PPETC","Male",20,"Yes","Yes",35,1,"5G",0,1,0,"Occasional",24,20.5,"No",1
"4208-UFFGW","Male",87,"No","No",2,1,"5G",0,2,0,"Occasional",1,44.95,"Yes",1
"8584-KMVXD","Female",28,"No","No",8,1,"5G",2,2,0,"Occasional",1,75.6,"No",1
"8467-WYNSR","Male",27,"No","No",22,1,"5G",1,3,0,"Occasional",1,55.1,"No",1
"0851-DFJKB","Female",63,"No","No",15,1,"5G",1,3,0,"Occasional",1,58.95,"No",1
"5382-SOYZL","Male",36,"No","No",22,2,"5G",0,2,3,"Occasional",1,95.1,"No",1
"9448-REEVD","Male",62,"Yes","No",1,1,"DSL",0,2,0,"Occasional",1,44.7,"Yes",1
"3261-CQXOL","Female",61,"No","No",71,2,"5G",0,1,0,"Occasional",24,25.45,"No",1
"8388-FYNPZ","Male",48,"No","No",4,1,"5G",1,2,0,"Occasional",1,56.75,"No",1
"4002-BQWPQ","Male",19,"No","No",25,2,"5G",3,3,2,"Occasional",1,81.75,"No",1
"5651-YLPRD","Female",45,"Yes","Yes",32,1,"5G",2,2,1,"Occasional",1,86.1,"No",1
"2826-DXLQO","Male",80,"Yes","No",7,0,"5G",1,2,0,"Occasional",1,29.8,"No",1
"4378-BZYFP","Male",54,"No","No",17,1,"5G",0,1,0,"Occasional",12,20.5,"No",1
"9489-UTFKA","Male",77,"Yes","No",8,1,"5G",1,2,1,"Occasional",1,60.9,"No",1
"4849-PYRLQ","Female",76,"No","No",56,2,"5G",1,3,2,"Occasional",24,73.25,"No",1
"9117-SHLZX","Male",58,"No","No",1,1,"5G",0,2,0,"Occasional",1,45.7,"Yes",1
"9889-TMAHG","Male",72,"No","No",8,1,"5G",1,3,3,"Occasional",1,100.3,"Yes",1
"4541-RMRLG","Male",58,"No","No",7,1,"5G",0,1,0,"Occasional",1,19.25,"Yes",1
"7764-BDPEE","Male",22,"No","Yes",3,1,"5G",0,1,0,"Occasional",1,20.85,"No",1
"3429-IFLEM","Female",44,"No","No",71,1,"5G",3,3,1,"Occasional",24,77.35,"No",1
"3158-MOERK","Female",23,"No","No",2,2,"5G",0,2,3,"Occasional",1,96,"Yes",1
"7294-TMAOP","Female",45,"No","No",1,1,"5G",0,2,3,"Occasional",1,90.55,"Yes",1
"5002-GCQFH","Male",46,"No","No",49,2,"5G",3,2,1,"Occasional",1,93.85,"No",1
"0556-FJEGU","Male",50,"No","No",58,1,"5G",2,3,1,"Occasional",24,70.1,"No",1
"8919-FYFQZ","Male",81,"Yes","No",44,0,"5G",2,2,0,"Occasional",1,30.35,"Yes",1
"0604-THJFP","Female",53,"No","No",59,1,"5G",2,3,3,"Occasional",24,75.95,"No",1
"2834-JRTUA","Male",23,"No","No",71,2,"5G",1,3,3,"Occasional",24,108.05,"Yes",1
"5875-YPQFJ","Male",57,"No","No",1,1,"DSL",0,2,0,"Occasional",1,69.9,"Yes",1
"5879-SESNB","Female",43,"No","No",11,2,"5G",0,2,0,"Occasional",1,75.25,"No",1
"6646-QVXLR","Male",81,"Yes","No",62,2,"5G",2,2,3,"Occasional",12,103.75,"Yes",1
"6461-PPAXN","Female",61,"Yes","Yes",35,1,"5G",1,3,0,"Occasional",12,54.95,"No",1
"3318-ISQFQ","Female",22,"No","No",20,1,"5G",0,1,0,"Occasional",1,19.5,"No",1
"1106-HRLKZ","Male",19,"Yes","Yes",40,1,"5G",0,1,0,"Occasional",24,19.6,"No",1
"2483-XSSMZ","Female",61,"No","No",39,1,"5G",1,2,0,"Occasional",12,47.85,"No",1
"8603-IJWDN","Male",44,"No","No",1,2,"5G",0,2,2,"Occasional",1,86.6,"Yes",1
"8165-ZJRNM","Female",42,"No","No",72,2,"5G",0,1,0,"Occasional",24,23.75,"No",1
"9369-XFEHK","Female",71,"Yes","No",33,2,"5G",2,2,0,"Occasional",1,80.6,"Yes",1
"2604-XVDAM","Female",32,"No","No",12,1,"5G",0,2,0,"Occasional",1,43.8,"No",1
"3717-OFRTN","Male",58,"No","No",1,1,"5G",0,1,0,"Occasional",1,19.75,"No",1
"9046-JBFWA","Male",51,"No","No",27,1,"5G",0,1,0,"Occasional",1,19.15,"No",1
"3280-NMUVX","Male",19,"Yes","Yes",34,1,"5G",0,1,0,"Occasional",12,19.6,"No",1
"1206-EHBDD","Female",43,"No","No",56,1,"5G",1,2,0,"Occasional",24,80.3,"No",1
"8361-LBRDI","Female",50,"No","No",58,2,"5G",0,1,0,"Occasional",24,24.35,"No",1
"4883-KCPZJ","Female",54,"No","No",22,2,"5G",0,1,0,"Occasional",24,25.25,"No",1
"9108-EQPNQ","Female",56,"No","No",10,2,"DSL",0,1,0,"Occasional",24,26.1,"No",1
"7277-KAMWT","Male",52,"No","No",13,1,"5G",0,1,0,"Occasional",24,20,"No",1
"3842-IYKUE","Female",63,"No","No",35,2,"5G",2,3,0,"Occasional",1,85.3,"Yes",1
"6641-XRPSU","Female",56,"No","No",34,1,"5G",0,2,0,"Occasional",1,70,"Yes",1
"1374-DMZUI","Female",89,"No","No",4,2,"5G",0,2,3,"Occasional",1,94.3,"Yes",1
"2545-LXYVJ","Male",21,"Yes","No",72,1,"5G",0,1,0,"Occasional",24,20.7,"No",1
"7632-YUTXB","Female",21,"Yes","Yes",25,1,"No",0,1,0,"Occasional",12,20.05,"No",0
"4132-POCZS","Male",19,"Yes","No",52,0,"DSL",1,2,2,"Occasional",1,39.9,"No",0
"2607-DHDAK","Male",21,"Yes","Yes",72,1,"No",0,1,0,"Occasional",24,19.8,"No",0
"9066-QRSDU","Female",19,"Yes","No",69,2,"No",0,1,0,"Occasional",12,26.3,"No",0
"0595-ITUDF","Male",41,"Yes","Yes",64,2,"Fiber optic",3,2,0,"Occasional",1,91.8,"No",0
"9102-IAYHT","Female",48,"Yes","Yes",17,2,"Fiber optic",0,2,2,"Frequent",1,85.45,"Yes",0
"2774-LVQUS","Female",66,"Yes","No",15,2,"5G",0,3,0,"Occasional",1,83.05,"Yes",0
"3778-FOAQW","Female",37,"No","No",24,1,"5G",0,1,0,"Occasional",12,20.15,"No",0
"7047-YXDMZ","Male",22,"No","No",21,1,"DSL",0,1,0,"Occasional",1,20,"No",0
"5108-ADXWO","Male",21,"No","No",11,1,"Fiber optic",1,2,0,"Frequent",1,73.5,"Yes",0
"4797-MIWUM","Male",49,"No","No",7,1,"No",0,1,0,"Occasional",1,20.25,"No",0
"0709-TVGUR","Female",79,"No","No",9,1,"No",0,2,0,"Frequent",1,74.55,"Yes",0
"4632-PAOYU","Male",51,"No","No",22,1,"No",0,1,0,"Occasional",12,19.95,"No",0
"2486-WYVVE","Male",42,"Yes","No",31,2,"DSL",0,3,3,"Occasional",12,79.3,"No",0
"1810-MVMAI","Male",63,"Yes","Yes",30,1,"DSL",3,3,0,"Occasional",1,67.6,"No",0
"0587-DMGBH","Female",23,"No","No",8,1,"No",1,2,0,"Frequent",1,49.85,"Yes",0
"4774-HHGGS","Male",20,"Yes","No",30,1,"No",0,1,0,"Occasional",24,19.05,"No",0
"7421-ZLUPA","Female",46,"No","No",8,0,"DSL",2,2,0,"Occasional",1,29.25,"No",0
"4616-ULAOA","Female",30,"Yes","Yes",65,2,"Fiber optic",2,3,3,"Occasional",24,110.8,"No",0
"9714-EDSUC","Male",44,"No","No",4,1,"Fiber optic",3,3,2,"Occasional",1,94.9,"No",0
"7577-SWIFR","Male",55,"No","No",1,1,"Fiber optic",0,2,3,"Occasional",1,89.25,"No",0
"0074-HDKDG","Male",36,"Yes","Yes",25,1,"5G",3,2,0,"Occasional",12,61.6,"No",0
"7925-PNRGI","Female",42,"Yes","Yes",45,2,"DSL",3,3,1,"Occasional",1,81.3,"No",0
"2040-XBAVJ","Male",32,"Yes","Yes",72,2,"5G",3,3,3,"Occasional",24,114.45,"No",0
"3012-VFFMN","Female",43,"No","No",7,1,"5G",0,1,0,"Occasional",1,20.65,"No",0
"9135-HSWOC","Male",54,"No","No",64,1,"No",0,1,0,"Occasional",24,19.7,"No",0
"0220-EBGCE","Male",45,"No","No",2,1,"Fiber optic",0,2,2,"Frequent",1,85.85,"Yes",0
"5195-KPUNQ","Female",78,"No","No",53,1,"Fiber optic",3,3,2,"Occasional",12,96.75,"No",0
"9184-GALIL","Female",22,"Yes","Yes",38,1,"No",0,1,0,"Occasional",1,20.45,"No",0
"0442-ZXKVS","Female",79,"Yes","No",54,2,"Fiber optic",3,3,3,"Occasional",12,115.6,"No",0
"1618-CFHME","Female",51,"No","No",2,2,"5G",0,2,0,"Frequent",1,75.9,"Yes",0
"6771-XWBDM","Female",32,"Yes","No",57,2,"Fiber optic",2,2,3,"Frequent",1,104.5,"Yes",0
"7470-DYNOE","Male",55,"No","No",53,1,"DSL",0,2,2,"Occasional",12,61.1,"No",0
"2357-COQEK","Female",78,"No","No",28,2,"Fiber optic",0,3,3,"Occasional",1,103.3,"Yes",0
"2233-TXSIU","Male",62,"Yes","Yes",17,0,"DSL",1,2,1,"Occasional",12,44.45,"No",0
"4194-FJARJ","Female",44,"Yes","Yes",54,2,"DSL",1,3,0,"Occasional",24,60,"No",0
"6341-AEVKX","Female",64,"Yes","No",62,1,"Fiber optic",1,3,3,"Occasional",12,104.3,"No",0
"2108-YKQTY","Female",22,"No","No",4,1,"DSL",2,2,0,"Frequent",1,50.7,"Yes",0
"1346-UFHAX","Female",35,"No","No",13,2,"DSL",1,2,0,"Occasional",1,80,"No",0
"5902-WBLSE","Female",50,"No","No",70,1,"No",0,1,0,"Occasional",24,20.15,"No",0
"6591-QGOYB","Male",60,"No","No",17,2,"Fiber optic",3,3,1,"Occasional",1,106.65,"No",0
"7369-TRPFD","Male",20,"No","No",19,1,"DSL",0,1,0,"Occasional",12,18.8,"No",0
"1469-LBJQJ","Female",44,"Yes","No",66,2,"Fiber optic",2,2,3,"Occasional",1,105.2,"No",0
"2330-PQGDQ","Male",54,"No","No",51,2,"Fiber optic",2,3,0,"Occasional",12,84.2,"No",0
"3785-NRHYR","Male",19,"No","No",1,1,"No",0,1,0,"Occasional",1,19.65,"No",0
"6023-YEBUP","Male",59,"No","No",3,1,"No",0,2,3,"Frequent",1,100.95,"Yes",0
"6082-GLJIX","Male",62,"No","No",18,1,"No",0,1,0,"Occasional",1,19.25,"No",0
"1389-WNUIB","Female",46,"Yes","Yes",20,2,"DSL",1,2,3,"Occasional",12,76,"No",0
"8775-ERLNB","Male",80,"Yes","No",1,2,"5G",0,2,0,"Occasional",1,74.3,"No",0
"9885-CSMWE","Female",78,"No","No",1,1,"No",0,2,1,"Frequent",1,78.45,"Yes",0
"1478-VPOAD","Female",40,"No","No",1,1,"5G",0,2,0,"Occasional",1,43.8,"No",0
"3422-GALYP","Male",52,"No","No",2,2,"Fiber optic",2,2,0,"Occasional",1,79.45,"No",0
"3307-TLCUD","Male",62,"No","No",17,0,"5G",1,2,0,"Occasional",1,34.4,"No",0
"9822-WMWVG","Female",54,"No","No",41,2,"Fiber optic",3,3,1,"Occasional",1,106.5,"No",0
"5140-FOMCQ","Female",63,"Yes","No",59,1,"No",3,2,3,"Occasional",12,109.15,"No",0
"4671-LXRDQ","Male",20,"No","No",2,1,"DSL",0,2,0,"Frequent",1,45,"Yes",0
"5743-KHMNA","Male",56,"No","No",71,2,"No",0,1,0,"Occasional",24,25.55,"No",0
"4710-NKCAW","Male",35,"Yes","Yes",5,2,"DSL",3,3,0,"Occasional",1,64.4,"No",0
"8120-JDCAM","Male",58,"Yes","Yes",4,1,"DSL",0,2,0,"Occasional",1,69.55,"No",0
"0704-VCUMB","Female",41,"No","No",61,1,"No",0,1,0,"Occasional",24,20.25,"No",0
"8473-VUVJN","Male",87,"No","No",1,2,"Fiber optic",0,2,0,"Frequent",1,73.65,"Yes",0
"2272-QAGFO","Female",67,"No","No",14,2,"Fiber optic",0,2,0,"Frequent",1,74.3,"Yes",0
"5360-XGYAZ","Male",29,"Yes","Yes",72,0,"DSL",3,3,3,"Occasional",24,65.65,"No",0
"9747-DDZOS","Female",25,"No","No",1,1,"No",0,2,0,"Frequent",1,73.5,"Yes",0
"9488-FYQAU","Female",25,"Yes","No",63,2,"Fiber optic",2,3,3,"Occasional",24,109.25,"No",0
"8285-ABVLB","Female",21,"Yes","No",70,1,"No",0,1,0,"Occasional",24,19.85,"No",0
"8845-LWKGE","Female",42,"Yes","Yes",30,1,"DSL",0,3,1,"Occasional",12,64.5,"No",0
"4090-KPJIP","Female",58,"No","No",3,2,"Fiber optic",0,2,0,"Occasional",1,74.95,"No",0
"2506-CLAKW","Female",59,"No","No",6,1,"5G",3,3,2,"Occasional",1,98.15,"Yes",0
"0581-MDMPW","Female",44,"No","No",24,1,"No",0,2,1,"Occasional",1,88.95,"No",0
"1926-QUZNN","Female",48,"No","No",72,1,"No",0,1,0,"Occasional",24,25.25,"No",0
"9798-DRYDS","Female",45,"Yes","Yes",17,2,"5G",0,3,0,"Occasional",12,61.95,"No",0
"5461-QKNTN","Male",83,"Yes","No",43,2,"5G",2,3,1,"Occasional",1,94.3,"No",0
"9993-LHIEB","Male",57,"Yes","Yes",67,1,"5G",1,3,2,"Occasional",24,67.85,"No",0
"9541-ZPSEA","Male",55,"Yes","Yes",68,1,"Fiber optic",1,2,0,"Occasional",24,80.35,"No",0
"6648-INWPS","Male",19,"Yes","Yes",16,1,"5G",0,1,0,"Occasional",1,20.15,"No",0
"8404-VIOMB","Female",63,"No","No",66,0,"DSL",3,3,3,"Occasional",24,62.5,"No",0
"8945-MUQUF","Male",36,"No","No",51,2,"5G",3,2,1,"Frequent",12,94.8,"Yes",0
"3801-HMYNL","Male",31,"Yes","Yes",1,1,"No",0,2,3,"Frequent",1,89.15,"Yes",0
"0218-QNVAS","Male",40,"No","No",71,2,"Fiber optic",2,2,3,"Occasional",12,100.55,"No",0
"9214-EKVXR","Female",49,"No","No",1,1,"DSL",0,2,0,"Occasional",1,44,"No",0
"0565-JUPYD","Male",22,"No","No",63,2,"Fiber optic",3,3,1,"Occasional",12,104.5,"No",0
"7758-XKCBS","Male",51,"No","No",15,0,"DSL",0,3,0,"Occasional",1,29.7,"Yes",0
"1094-BKOSX","Female",21,"Yes","Yes",45,0,"DSL",2,3,2,"Occasional",12,51,"No",0
"3486-HOOGQ","Female",42,"Yes","Yes",70,2,"DSL",3,3,1,"Occasional",24,79.7,"No",0
"7225-IILWY","Male",42,"No","No",68,1,"No",0,1,0,"Occasional",24,25.75,"No",0
"5879-HMFFH","Female",33,"Yes","No",72,1,"DSL",3,3,3,"Occasional",24,88.05,"No",0
"8357-EQXFO","Female",52,"No","No",7,1,"5G",0,2,3,"Occasional",1,95.35,"Yes",0
"5789-LDFXO","Male",44,"No","No",24,2,"No",0,1,0,"Occasional",12,24.6,"No",0
"3620-MWJNE","Male",26,"No","No",2,1,"DSL",1,3,0,"Occasional",1,54.45,"No",0
"8739-XNIKG","Female",47,"No","No",5,2,"5G",0,2,1,"Occasional",1,84,"No",0
"9170-GYZJC","Female",25,"Yes","Yes",41,1,"No",3,3,2,"Occasional",1,79.9,"Yes",0
"3672-YITQD","Male",79,"Yes","No",36,2,"Fiber optic",0,2,2,"Frequent",1,84.1,"Yes",0
"4229-CZMLL","Male",34,"No","No",6,2,"Fiber optic",0,2,0,"Frequent",1,74.9,"Yes",0
"4702-HDRKD","Male",23,"No","No",67,1,"No",1,3,1,"Occasional",12,49.35,"No",0
"6762-QVYJO","Female",56,"Yes","Yes",58,0,"DSL",1,3,3,"Occasional",24,59.75,"No",0
"1264-BYWMS","Male",40,"No","No",55,2,"Fiber optic",0,2,3,"Frequent",1,96.8,"Yes",0
"0487-RPVUM","Male",62,"Yes","No",61,2,"Fiber optic",1,3,1,"Occasional",1,99.4,"No",0
"6576-FBXOJ","Male",20,"Yes","No",17,0,"DSL",0,3,3,"Occasional",12,54.6,"No",0
"1035-IPQPU","Female",72,"Yes","No",63,2,"Fiber optic",2,2,3,"Occasional",1,103.5,"No",0
"6022-UGGSO","Female",90,"No","No",32,1,"No",2,2,0,"Frequent",1,74.4,"Yes",0
"2607-FBDFF","Male",31,"No","No",1,1,"DSL",0,3,0,"Occasional",1,49,"No",0
"4803-LBYPN","Male",21,"Yes","Yes",34,1,"No",0,1,0,"Occasional",1,20.8,"No",0
"7973-DZRKH","Female",38,"No","Yes",66,2,"Fiber optic",1,3,0,"Occasional",24,90.95,"No",0
"6490-FGZAT","Male",20,"No","No",6,1,"No",0,1,0,"Occasional",1,20.65,"No",0
"3571-RFHAR","Male",23,"No","No",65,2,"5G",2,3,3,"Occasional",1,109.15,"Yes",0
"8313-AFGBW","Male",25,"Yes","No",47,1,"DSL",2,2,3,"Occasional",24,73.6,"No",0
"4735-ASGMA","Male",22,"No","No",26,2,"Fiber optic",0,2,3,"Frequent",1,98.35,"Yes",0
"0983-TATYJ","Female",35,"Yes","No",33,1,"DSL",0,3,0,"Occasional",12,51.45,"No",0
"5296-BFCYD","Male",51,"No","No",46,1,"5G",0,1,0,"Occasional",24,20.1,"No",0
"7159-FVYPK","Female",36,"Yes","Yes",3,2,"DSL",2,2,1,"Occasional",1,69.15,"No",0
"8969-PRHFK","Male",48,"No","No",18,1,"No",0,1,0,"Occasional",12,19.65,"No",0
"0156-FVPTA","Male",41,"Yes","No",22,1,"DSL",1,3,0,"Occasional",1,54.2,"Yes",0
"1139-WUOAH","Male",54,"No","No",57,0,"DSL",0,3,3,"Occasional",24,53.35,"No",0
"7938-OUHIO","Male",19,"No","No",3,1,"No",0,3,3,"Occasional",1,98.7,"Yes",0
"6559-PDZLR","Male",44,"No","No",26,1,"Fiber optic",0,3,3,"Occasional",1,98.65,"No",0
"2632-TACXW","Female",19,"Yes","No",62,2,"5G",0,1,0,"Occasional",24,23.65,"No",0
"2207-OBZNX","Male",63,"No","No",7,1,"DSL",1,2,0,"Frequent",1,51,"Yes",0
"4585-HETAI","Female",40,"Yes","Yes",4,1,"No",0,2,0,"Frequent",1,73.75,"Yes",0
"6034-ZRYCV","Female",64,"No","No",72,0,"DSL",2,2,3,"Frequent",24,54.2,"Yes",0
"4785-QRJHC","Male",71,"Yes","No",46,0,"DSL",2,3,3,"Occasional",12,59.9,"Yes",0
"6890-PFRQX","Male",54,"No","No",18,2,"5G",1,2,1,"Occasional",1,69.5,"No",0
"1042-HFUCW","Female",57,"No","Yes",25,1,"DSL",2,3,0,"Occasional",12,54.75,"No",0
"2856-HYAPG","Female",23,"No","No",1,1,"Fiber optic",0,2,0,"Frequent",1,68.65,"Yes",0
"3470-BTGQO","Male",37,"No","Yes",21,1,"DSL",0,2,0,"Occasional",1,45.65,"No",0
"0804-YGEQV","Female",19,"Yes","Yes",43,2,"No",0,1,0,"Occasional",12,24.45,"No",0
"2465-BLLEU","Male",38,"No","No",1,1,"No",0,1,0,"Occasional",1,19.75,"No",0
"6204-IEUXJ","Female",25,"No","No",3,1,"5G",0,3,0,"Occasional",1,80.1,"Yes",0
"7401-RUBNK","Female",64,"Yes","No",18,1,"Fiber optic",1,2,0,"Occasional",1,74.8,"No",0
"5649-ANRML","Male",86,"No","No",2,1,"No",2,3,2,"Occasional",1,95.1,"Yes",0
"4685-TFLLS","Male",19,"Yes","Yes",18,1,"No",0,1,0,"Occasional",12,19.8,"No",0
"1371-OJCEK","Female",51,"No","No",48,2,"5G",0,1,0,"Occasional",12,24.35,"No",0
"7568-PODML","Male",54,"No","No",1,0,"DSL",0,2,3,"Frequent",1,45.3,"Yes",0
"3061-BCKYI","Male",40,"No","No",14,1,"5G",0,1,0,"Occasional",1,19.9,"No",0
"7054-ENNGU","Female",54,"Yes","No",9,1,"DSL",2,2,0,"Occasional",1,50.85,"No",0
"7718-RXDGG","Male",44,"Yes","No",15,1,"Fiber optic",0,2,0,"Occasional",1,68.6,"No",0
"1735-XMJVH","Male",22,"Yes","Yes",8,1,"5G",0,1,0,"Occasional",1,19.35,"No",0
"6289-CPNLD","Male",40,"Yes","Yes",33,1,"DSL",0,3,3,"Occasional",12,73.9,"Yes",0
"3657-COGMW","Female",85,"No","No",52,2,"Fiber optic",3,2,3,"Occasional",1,108.1,"No",0
"2277-BKJKN","Female",78,"Yes","No",71,1,"5G",2,2,3,"Occasional",24,99.2,"No",0
"9828-QHFBK","Male",27,"No","No",24,1,"DSL",1,2,0,"Occasional",1,51.15,"No",0
"5707-ORNDZ","Male",85,"No","No",9,2,"DSL",1,2,0,"Frequent",1,54.55,"Yes",0
"5913-INRQV","Male",72,"Yes","No",34,1,"Fiber optic",1,3,1,"Occasional",12,90.15,"No",0
"5442-XSDCW","Male",27,"Yes","Yes",11,1,"5G",0,2,1,"Frequent",1,79.5,"Yes",0
"8328-SKJNO","Male",35,"No","Yes",23,0,"DSL",3,3,0,"Occasional",12,40.65,"No",0
"8559-CIZFV","Male",53,"Yes","Yes",21,2,"DSL",3,3,1,"Occasional",12,77.5,"Yes",0
"2786-GCDPI","Female",74,"No","No",50,2,"Fiber optic",0,3,3,"Occasional",1,104.95,"No",0
"3097-IDVPU","Male",62,"Yes","Yes",19,2,"DSL",0,2,0,"Occasional",1,50.1,"No",0
"0831-JNISG","Male",42,"No","No",71,1,"5G",0,1,0,"Occasional",24,19.8,"No",0
"0480-BIXDE","Female",49,"Yes","No",19,1,"Fiber optic",0,2,3,"Occasional",1,96.8,"No",0
"5056-FIMPT","Female",42,"No","No",43,2,"No",3,3,3,"Occasional",12,106,"No",0
"1169-SAOCL","Male",37,"No","No",49,2,"No",2,3,3,"Occasional",12,106.65,"No",0
"2346-DJQTB","Female",35,"No","No",35,1,"No",0,2,0,"Occasional",1,24.15,"No",0
"7619-ODSGN","Male",48,"Yes","Yes",24,2,"5G",1,2,0,"Frequent",1,54.75,"Yes",0
"5357-TZHPP","Male",83,"No","No",9,2,"DSL",0,2,2,"Frequent",1,84.4,"Yes",0
"5599-HVLTW","Female",66,"No","No",14,2,"Fiber optic",0,2,0,"Occasional",1,80.35,"No",0
"8445-DNBAE","Male",53,"No","Yes",1,2,"5G",0,2,0,"Occasional",1,50.05,"No",0
"8722-PRFDV","Female",47,"Yes","Yes",71,1,"DSL",1,2,3,"Occasional",24,77.55,"No",0
"5868-YTYKS","Male",53,"No","No",1,1,"No",0,1,0,"Occasional",1,20.25,"No",0
"7571-YXDAD","Female",51,"No","No",2,2,"Fiber optic",0,2,0,"Frequent",1,74.9,"Yes",0
"4707-MAXGU","Male",35,"No","No",72,2,"No",0,1,0,"Occasional",24,25.85,"No",0
"6901-GOGZG","Male",25,"No","Yes",60,2,"5G",1,3,3,"Occasional",24,84.95,"No",0
"5365-LLFYV","Female",56,"No","No",2,1,"DSL",0,2,0,"Occasional",1,45.85,"No",0
"4853-OITSN","Male",52,"No","No",5,2,"Fiber optic",1,2,2,"Occasional",1,89.15,"No",0
"2279-AXJJK","Male",55,"Yes","No",52,2,"Fiber optic",2,3,2,"Occasional",1,95.65,"No",0
"2000-DHJUY","Female",85,"Yes","No",70,1,"No",3,3,3,"Occasional",24,92.2,"No",0
"5028-HTLJB","Male",74,"No","No",1,1,"No",0,1,0,"Occasional",1,20.05,"Yes",0
"9611-CTWIH","Female",54,"No","No",3,1,"Fiber optic",0,2,3,"Frequent",1,89.45,"Yes",0
"3325-FUYCG","Male",57,"Yes","Yes",28,1,"No",3,2,3,"Frequent",12,106.1,"Yes",0
"1027-LKKQQ","Female",31,"Yes","Yes",72,1,"DSL",1,3,3,"Occasional",24,80.45,"No",0
"2012-NWRPA","Female",90,"Yes","No",11,2,"Fiber optic",0,2,3,"Frequent",1,99.55,"Yes",0
"0670-KDOMA","Female",51,"No","No",1,1,"No",0,1,0,"Occasional",1,20.25,"No",0
"3803-KMQFW","Female",52,"No","No",1,1,"No",0,1,0,"Occasional",1,20.55,"Yes",0
"5998-VVEJY","Male",51,"No","No",26,2,"Fiber optic",0,3,0,"Occasional",1,80.5,"Yes",0
"6729-FZWSY","Male",46,"No","No",67,1,"No",0,1,0,"Occasional",12,19.45,"No",0
"3312-UUMZW","Male",25,"Yes","No",32,2,"5G",2,2,3,"Occasional",1,98.85,"No",0
"1576-PFZIW","Male",86,"Yes","No",70,1,"Fiber optic",3,2,3,"Occasional",24,105.35,"No",0
"0562-HKHML","Male",22,"Yes","Yes",71,2,"No",0,1,0,"Occasional",24,23.9,"No",0
"6248-TKCQV","Female",44,"Yes","Yes",70,2,"5G",1,3,3,"Occasional",24,80.6,"No",0
"8080-POTJR","Female",27,"No","No",30,2,"DSL",1,2,3,"Occasional",12,79.3,"No",0
"6198-PNNSZ","Female",44,"Yes","No",56,2,"Fiber optic",3,2,3,"Occasional",12,109.8,"No",0
"7228-PAQPD","Female",29,"No","No",14,1,"DSL",0,3,2,"Occasional",12,59.1,"No",0
"0020-INWCK","Female",61,"Yes","Yes",71,2,"5G",2,2,2,"Occasional",24,95.75,"No",0
"5908-QMGOE","Male",80,"No","No",15,1,"No",0,2,0,"Frequent",1,74.2,"Yes",0
"4636-TVXVG","Male",22,"Yes","Yes",62,1,"No",0,1,0,"Occasional",12,19.95,"No",0
"9445-SZLCH","Female",53,"No","No",36,2,"Fiber optic",2,2,1,"Frequent",1,97.35,"Yes",0
"0696-UKTOX","Male",62,"No","Yes",23,1,"DSL",2,3,0,"Occasional",1,54.15,"No",0
"9691-HKOVS","Female",19,"Yes","No",55,2,"DSL",3,3,3,"Occasional",12,90.15,"No",0
"1475-VWVDO","Male",37,"No","No",7,1,"No",0,2,0,"Occasional",1,74.9,"No",0
"8414-OOEEL","Male",55,"No","Yes",66,1,"No",2,3,3,"Occasional",24,79.5,"No",0
"7407-SUJIZ","Male",22,"No","No",25,1,"No",0,1,0,"Occasional",1,20.6,"No",0
"5226-NOZFC","Male",33,"No","No",26,1,"No",2,2,1,"Occasional",1,85.75,"No",0
"1771-OADNZ","Male",86,"Yes","No",29,2,"Fiber optic",2,2,2,"Frequent",1,95.9,"Yes",0
"3696-DFHHB","Female",20,"No","No",68,1,"No",0,1,0,"Occasional",24,25.5,"No",0
"7426-WEIJX","Male",74,"Yes","Yes",60,2,"DSL",1,2,0,"Occasional",1,80.95,"No",0
"9089-UOWJG","Female",61,"Yes","Yes",12,1,"5G",0,2,1,"Occasional",1,58.35,"No",0
"3339-EAQNV","Male",70,"Yes","No",72,2,"Fiber optic",2,2,3,"Occasional",12,97.25,"No",0
"9067-SQTNS","Male",21,"Yes","Yes",44,1,"No",0,1,0,"Occasional",12,20.6,"No",0
"1932-UEDCX","Male",83,"Yes","No",33,2,"Fiber optic",2,2,3,"Occasional",1,100.6,"No",0
"1699-UOTXU","Male",55,"No","No",60,2,"No",3,2,0,"Occasional",24,61.4,"No",0
"5443-SCMKX","Female",19,"Yes","No",58,2,"Fiber optic",2,2,2,"Occasional",12,94.3,"No",0
"9170-CCKOU","Male",50,"Yes","No",17,2,"Fiber optic",3,2,0,"Frequent",1,90.2,"Yes",0
"7748-UMTRK","Female",81,"No","Yes",30,1,"No",0,3,3,"Occasional",1,101.3,"No",0
"4855-SNKMY","Female",28,"No","No",1,1,"DSL",0,2,0,"Frequent",1,44.1,"Yes",0
"7089-XXAYG","Male",61,"No","No",25,1,"No",0,2,1,"Occasional",12,38.1,"No",0
"7562-UXTPG","Female",51,"No","No",13,1,"Fiber optic",0,2,0,"Occasional",1,70.15,"No",0
"9220-ZNKJI","Female",88,"Yes","No",55,1,"DSL",0,3,1,"Occasional",24,88.8,"No",0
"4801-JZAZL","Female",44,"No","No",11,0,"DSL",1,2,0,"Occasional",1,29.6,"No",0
"9254-RBFON","Female",43,"Yes","Yes",17,1,"5G",0,3,3,"Occasional",12,98.6,"Yes",0
"5294-DMSFH","Female",43,"Yes","Yes",29,1,"No",0,2,3,"Occasional",1,87.8,"No",0
"7486-KSRVI","Male",56,"No","No",43,2,"Fiber optic",0,3,3,"Occasional",12,100,"Yes",0
"7995-ZHHNZ","Male",20,"Yes","No",42,2,"DSL",1,2,0,"Occasional",12,56.1,"No",0
"3186-BAXNB","Female",29,"No","No",1,1,"5G",2,3,1,"Occasional",1,91.7,"Yes",0
"1195-OIYEJ","Male",62,"No","No",13,1,"Fiber optic",0,2,3,"Frequent",1,91.1,"Yes",0
"6603-QWSPR","Female",25,"No","No",46,1,"Fiber optic",2,3,3,"Occasional",24,104.4,"No",0
"6956-SMUCM","Female",40,"No","No",3,1,"Fiber optic",1,2,3,"Frequent",1,99,"Yes",0
"5018-LXQQG","Female",53,"No","No",30,1,"DSL",1,3,2,"Occasional",1,66.3,"No",0
"9620-ENEJV","Female",62,"No","No",6,1,"No",0,2,0,"Occasional",1,70.55,"No",0
"4291-HPAXL","Male",54,"No","No",1,1,"5G",0,1,0,"Occasional",1,19.85,"No",0
"5730-RIITO","Female",22,"No","No",43,0,"DSL",3,2,0,"Occasional",1,33.45,"No",0
"0228-MAUWC","Male",43,"No","No",19,2,"DSL",0,3,0,"Occasional",1,59.55,"No",0
"2466-FCCPT","Female",55,"No","No",20,1,"No",0,1,0,"Occasional",12,19.7,"No",0
"7527-QNRUS","Male",59,"No","No",17,2,"No",0,1,0,"Occasional",24,25.15,"No",0
"8701-DGLVH","Male",57,"No","No",51,1,"No",0,1,0,"Occasional",24,20.45,"No",0
"2480-EJWYP","Female",84,"Yes","No",58,2,"5G",2,2,3,"Occasional",12,97.8,"No",0
"9495-SKLKD","Male",63,"Yes","Yes",45,2,"5G",2,2,2,"Occasional",1,95.95,"No",0
"1122-JWTJW","Male",37,"Yes","Yes",1,1,"Fiber optic",0,2,0,"Occasional",1,70.65,"Yes",0
"5915-ANOEI","Male",43,"Yes","No",70,2,"DSL",3,3,1,"Occasional",24,79.15,"No",0
"9821-POOTN","Male",47,"Yes","No",35,2,"Fiber optic",0,2,0,"Frequent",1,75.2,"Yes",0
"0661-XEYAN","Female",74,"No","No",1,0,"5G",0,2,0,"Frequent",1,25.8,"Yes",0
"3450-WXOAT","Male",56,"No","No",46,1,"5G",0,2,0,"Occasional",1,45.2,"No",0
"9494-BDNNC","Male",51,"No","No",66,2,"No",2,2,2,"Occasional",12,95.3,"No",0
"9846-GKXAS","Female",62,"No","No",9,1,"Fiber optic",0,2,3,"Frequent",1,90.8,"Yes",0
"5999-LCXAO","Female",22,"No","No",1,0,"DSL",1,2,0,"Occasional",1,29.9,"No",0
"9330-DHBFL","Female",43,"Yes","Yes",23,1,"DSL",3,3,0,"Occasional",12,66.25,"No",0
"3363-EWLGO","Female",45,"No","No",5,1,"No",0,1,0,"Occasional",1,19.95,"No",0
"1116-FRYVH","Female",61,"No","No",48,0,"DSL",3,3,0,"Occasional",24,39.4,"No",0
"2595-KIWPV","Male",48,"No","No",27,1,"No",0,1,0,"Occasional",24,19.7,"No",0
"7351-MHQVU","Female",19,"No","No",6,1,"No",3,3,2,"Occasional",1,50.95,"No",0
"2676-OXPPQ","Male",47,"No","No",6,1,"DSL",3,2,0,"Occasional",1,55.7,"No",0
"2778-OCLGR","Male",54,"No","No",24,0,"DSL",1,2,2,"Frequent",1,39.1,"Yes",0
"9831-BPFRI","Female",33,"Yes","Yes",39,2,"5G",2,3,0,"Occasional",12,89.55,"Yes",0
"3704-IEAXF","Female",40,"Yes","Yes",72,0,"DSL",2,3,3,"Occasional",24,53.65,"No",0
"0617-AQNWT","Female",28,"Yes","No",64,0,"DSL",1,3,2,"Occasional",24,47.85,"Yes",0
"9415-DPEWS","Female",32,"No","No",18,2,"5G",0,3,1,"Occasional",1,88.35,"Yes",0
"0616-ATFGB","Male",21,"Yes","No",1,0,"DSL",0,2,0,"Frequent",1,25.05,"Yes",0
"7394-FKDNK","Female",31,"Yes","No",9,1,"Fiber optic",0,2,3,"Frequent",1,89.45,"Yes",0
"0817-HSUSE","Male",57,"No","No",1,1,"5G",0,3,3,"Occasional",1,75.5,"No",0
"0174-QRVVY","Male",37,"No","No",71,2,"No",0,1,0,"Occasional",24,25.35,"No",0
"2333-KWEWW","Male",53,"No","No",18,1,"No",0,1,0,"Occasional",24,20.05,"No",0
"0137-OCGAB","Female",21,"No","No",1,1,"No",2,2,0,"Frequent",1,80.2,"Yes",0
"3815-SLMEF","Female",20,"No","No",3,0,"DSL",1,3,0,"Occasional",1,34.25,"Yes",0
"2227-JRSJX","Female",56,"No","No",21,1,"Fiber optic",2,3,3,"Occasional",1,99.15,"No",0
"1474-JUWSM","Female",19,"Yes","No",58,1,"No",1,3,2,"Occasional",12,68.4,"No",0
"6918-UMQCG","Female",21,"No","No",5,1,"Fiber optic",0,2,1,"Occasional",1,80.2,"No",0
"9842-EFSYY","Female",48,"No","Yes",4,0,"DSL",3,2,3,"Occasional",1,57.2,"No",0
"9919-KNPOO","Female",37,"Yes","No",21,1,"No",0,2,3,"Occasional",1,94.3,"No",0
"3372-CDXFJ","Male",20,"Yes","Yes",13,2,"No",0,1,0,"Occasional",12,24.5,"No",0
"4199-QHJNM","Male",79,"Yes","No",67,2,"Fiber optic",2,3,3,"Occasional",24,102.9,"No",0
"0689-DSXGL","Female",50,"Yes","Yes",52,1,"No",2,3,0,"Occasional",1,85.8,"No",0
"3043-SUDUA","Female",22,"No","No",32,1,"No",0,1,0,"Occasional",1,19.9,"No",0
"2792-VPPET","Male",39,"No","No",3,1,"5G",0,1,0,"Occasional",1,20.5,"No",0
"5442-BXVND","Female",58,"No","No",33,2,"No",0,1,0,"Occasional",1,24.25,"No",0
"3987-KQDDU","Male",50,"No","No",9,1,"No",1,2,0,"Occasional",1,75.6,"No",0
"6538-POCHL","Male",46,"No","No",33,1,"Fiber optic",2,2,0,"Occasional",1,79,"No",0
"2984-MIIZL","Male",24,"No","No",4,1,"Fiber optic",0,2,0,"Frequent",1,74.8,"Yes",0
"8468-FZTOE","Female",45,"Yes","Yes",72,1,"DSL",3,3,2,"Occasional",24,74.35,"No",0
"7562-GSUHK","Female",47,"No","No",16,1,"Fiber optic",2,2,2,"Frequent",1,93.2,"Yes",0
"5647-URDKA","Male",51,"No","No",8,1,"No",0,1,0,"Occasional",24,19.7,"No",0
"1816-FLZDK","Male",20,"No","No",1,0,"DSL",0,3,0,"Occasional",1,29.15,"No",0
"0836-SEYLU","Male",35,"Yes","No",9,0,"DSL",0,3,1,"Occasional",1,40.65,"Yes",0
"8815-LMFLX","Male",62,"No","No",25,2,"No",0,1,0,"Occasional",1,25.4,"No",0
"9290-SHCMB","Female",90,"No","No",13,1,"5G",0,2,3,"Occasional",1,96.85,"No",0
"9470-RTWDV","Male",39,"No","No",26,2,"DSL",0,3,3,"Occasional",12,82,"No",0
"3902-FOIGH","Male",69,"Yes","No",12,1,"No",2,2,3,"Frequent",1,101.35,"Yes",0
"1323-OOEPC","Female",39,"Yes","No",53,1,"No",2,2,3,"Frequent",1,98.4,"Yes",0
"5266-PFRQK","Male",20,"Yes","Yes",52,1,"No",0,1,0,"Occasional",12,20.85,"No",0
"7402-EYFXX","Male",67,"No","No",26,2,"Fiber optic",0,2,3,"Occasional",1,93.6,"No",0
"2272-JKMSI","Female",55,"Yes","Yes",62,2,"5G",2,3,3,"Occasional",12,110.8,"No",0
"0491-KAPQG","Male",58,"No","No",21,2,"Fiber optic",0,2,0,"Occasional",1,73.7,"No",0
"8819-ZBYNA","Female",33,"Yes","No",58,2,"Fiber optic",3,3,3,"Occasional",24,109.1,"No",0
"2520-SGTTA","Female",21,"Yes","Yes",0,1,"No",0,1,0,"Occasional",24,20,"No",0
"5493-SDRDQ","Male",42,"No","No",2,1,"DSL",1,2,0,"Frequent",1,55.1,"Yes",0
"5766-XQXMQ","Female",57,"No","No",29,1,"5G",3,2,2,"Frequent",1,68.85,"Yes",0
"5356-KZCKT","Male",20,"No","No",58,2,"5G",0,1,0,"Occasional",24,24.45,"No",0
"9359-UGBTK","Female",46,"No","No",67,1,"5G",1,3,2,"Occasional",12,72.35,"No",0
"2616-FLVQC","Male",21,"No","No",64,1,"5G",0,1,0,"Occasional",24,19.55,"No",0
"0013-EXCHZ","Female",88,"Yes","No",3,1,"Fiber optic",0,3,1,"Occasional",1,83.9,"Yes",0
"3904-UKFRE","Male",28,"No","No",4,1,"No",1,2,0,"Occasional",1,80.1,"No",0
"8097-VBQTZ","Male",27,"No","No",54,1,"DSL",3,3,1,"Occasional",1,69.9,"No",0
"0015-UOCOJ","Female",90,"No","No",7,1,"5G",1,2,0,"Occasional",1,48.2,"No",0
"0440-MOGPM","Female",36,"No","No",41,2,"DSL",2,2,3,"Occasional",12,80.55,"No",0
"8051-HJRLT","Female",88,"No","No",1,1,"5G",0,2,0,"Frequent",1,70.55,"Yes",0
"6834-NXDCA","Female",22,"No","No",13,0,"DSL",0,2,0,"Frequent",1,23.9,"Yes",0
"7108-DGVUU","Female",89,"Yes","No",21,2,"5G",2,2,2,"Occasional",12,71.7,"No",0
"5959-BELXA","Male",82,"No","No",32,2,"Fiber optic",0,2,3,"Frequent",1,96.15,"Yes",0
"6621-NRZAK","Female",42,"No","No",63,1,"5G",0,1,0,"Occasional",24,20,"No",0
"6481-OGDOO","Male",20,"Yes","No",67,1,"5G",3,2,2,"Frequent",12,90.6,"Yes",0
"7030-NJVDP","Male",53,"Yes","No",24,1,"5G",1,3,2,"Occasional",1,89.25,"No",0
"0136-IFMYD","Male",69,"Yes","No",69,1,"No",2,3,3,"Occasional",24,109.95,"No",0
"8058-INTPH","Female",63,"No","No",1,1,"Fiber optic",0,2,1,"Frequent",1,79.65,"Yes",0
"3785-KTYSH","Male",20,"No","No",53,2,"No",0,1,0,"Occasional",24,24.6,"No",0
"2160-GPFXD","Male",48,"No","No",54,1,"No",3,3,0,"Occasional",24,65.65,"No",0
"0761-AETCS","Female",20,"No","No",1,1,"5G",0,1,0,"Occasional",1,19.3,"Yes",0
"5129-HHMZC","Female",56,"Yes","No",43,2,"5G",3,3,3,"Occasional",24,86.45,"No",0
"3709-OIJEA","Male",52,"No","No",26,1,"Fiber optic",2,3,0,"Occasional",12,85.2,"No",0
"5919-VCZYM","Male",43,"No","No",2,1,"No",0,1,0,"Occasional",1,20.05,"No",0
"6418-PIQSP","Female",36,"Yes","No",62,1,"5G",1,3,3,"Occasional",24,81,"No",0
"3744-ZRRDZ","Male",27,"No","No",21,2,"Fiber optic",2,2,0,"Frequent",1,82.35,"Yes",0
"0515-YPMCW","Male",29,"No","Yes",1,1,"Fiber optic",0,2,0,"Frequent",1,70.45,"Yes",0
"9798-OPFEM","Female",22,"No","No",46,1,"5G",0,1,0,"Occasional",24,21.1,"No",0
"0407-BDJKB","Male",36,"Yes","No",60,1,"No",2,2,1,"Frequent",1,95.75,"Yes",0
"7130-YXBRO","Male",39,"Yes","No",48,2,"DSL",3,2,3,"Occasional",1,111.45,"No",0
"7240-ETPTR","Female",25,"Yes","No",9,0,"DSL",0,2,3,"Frequent",1,48.75,"Yes",0
"8982-NHAVY","Male",26,"No","No",27,2,"5G",0,2,3,"Occasional",12,100.5,"No",0
"8749-TZYEC","Male",19,"Yes","No",72,2,"No",0,1,0,"Occasional",24,24.8,"No",0
"5816-JMLGY","Female",37,"Yes","Yes",70,1,"5G",2,3,3,"Occasional",24,80.4,"No",0
"9692-TUSXH","Female",61,"No","No",18,1,"Fiber optic",1,2,3,"Frequent",1,96.05,"Yes",0
"2587-YNLES","Female",59,"No","No",6,1,"5G",0,1,0,"Occasional",24,20.1,"No",0
"1508-DFXCU","Male",38,"No","No",12,1,"Fiber optic",0,2,1,"Occasional",1,81.45,"No",0
"0668-OGMHD","Female",20,"Yes","No",21,0,"5G",1,2,0,"Occasional",1,28.5,"No",0
"2454-RPBRZ","Female",73,"Yes","No",12,1,"No",2,2,1,"Frequent",1,98.1,"Yes",0
"7839-QRKXN","Female",20,"No","No",1,1,"No",0,1,0,"Occasional",1,20.2,"Yes",0
"8152-UOBNY","Female",82,"No","No",50,2,"5G",2,3,3,"Occasional",12,106.8,"No",0
"5600-KTXFM","Male",58,"Yes","Yes",2,1,"Fiber optic",0,2,0,"Occasional",1,69.95,"No",0
"8221-EQDGL","Male",52,"Yes","No",35,1,"DSL",3,2,0,"Occasional",1,61,"No",0
"6711-VTNRE","Female",44,"No","No",36,1,"Fiber optic",0,3,2,"Occasional",1,87.55,"Yes",0
"8065-BVEPF","Male",79,"No","No",65,1,"Fiber optic",2,2,3,"Occasional",1,99.1,"No",0
"7501-VTYLJ","Female",61,"No","Yes",2,1,"DSL",2,2,0,"Occasional",1,51.55,"No",0
"2592-HODOV","Male",20,"No","No",13,1,"No",0,1,0,"Occasional",12,19.3,"No",0
"4143-HHPMK","Male",49,"No","No",52,1,"5G",2,2,2,"Frequent",1,85.35,"Yes",0
"3223-WZWJM","Male",62,"No","No",26,2,"Fiber optic",0,2,2,"Frequent",1,83.95,"Yes",0
"7994-UYIVZ","Male",64,"Yes","No",8,1,"No",0,2,2,"Occasional",1,85.65,"No",0
"6618-RYATB","Female",19,"No","No",1,2,"Fiber optic",0,2,0,"Frequent",1,79.55,"Yes",0
"8752-GHJFU","Male",74,"Yes","No",71,2,"5G",3,3,0,"Occasional",12,92,"No",0
"5982-XMDEX","Female",20,"No","No",65,2,"No",0,1,0,"Occasional",24,26.5,"No",0
"9506-UXUSK","Male",45,"No","No",13,1,"No",0,2,0,"Occasional",1,70.15,"No",0
"4159-NAAIX","Female",62,"No","No",63,2,"5G",2,2,3,"Occasional",24,97.45,"No",0
"1452-UZOSF","Male",55,"Yes","Yes",72,2,"Fiber optic",3,3,1,"Occasional",24,106.1,"No",0
"6370-ZVHDV","Female",64,"No","No",61,2,"No",0,1,0,"Occasional",24,25.3,"No",0
"6339-TBELP","Male",24,"No","No",71,2,"Fiber optic",0,3,0,"Occasional",24,86.4,"No",0
"4342-HENTK","Female",82,"No","No",2,1,"Fiber optic",0,2,0,"Frequent",1,70.65,"Yes",0
"8552-OBVRU","Female",65,"Yes","Yes",48,1,"5G",1,3,3,"Occasional",1,104.5,"No",0
"4612-THJBS","Female",81,"No","No",56,2,"5G",2,2,3,"Frequent",12,104.75,"Yes",0
"7901-IIDQV","Male",51,"No","No",24,2,"DSL",0,3,0,"Occasional",12,54.6,"No",0
"2072-ZVJJX","Male",20,"Yes","No",68,2,"No",0,1,0,"Occasional",24,25.25,"No",0
"1226-JZNKR","Female",56,"No","No",8,1,"5G",0,1,0,"Occasional",12,19.8,"No",0
"7808-DVWEP","Male",19,"Yes","No",3,1,"No",0,1,0,"Occasional",1,20,"No",0
"0219-QAERP","Male",57,"No","No",30,1,"5G",0,1,0,"Occasional",12,19.8,"No",0
"6164-HAQTX","Male",40,"No","No",71,1,"DSL",3,3,1,"Occasional",24,53.95,"No",0
"3393-FMZPV","Female",46,"No","No",25,2,"Fiber optic",2,2,3,"Frequent",1,100.25,"Yes",0
"2868-LLSKM","Female",43,"Yes","Yes",68,2,"Fiber optic",2,3,0,"Occasional",12,83.65,"No",0
"2260-USTRB","Female",75,"No","No",2,1,"Fiber optic",0,2,0,"Frequent",1,70.2,"Yes",0
"0310-VQXAM","Male",50,"No","No",9,1,"No",0,1,0,"Occasional",1,19.85,"No",0
"2361-FJWNO","Male",41,"No","No",40,0,"DSL",2,3,0,"Occasional",12,36,"No",0
"9885-AIBVB","Male",43,"Yes","No",29,2,"5G",2,2,0,"Occasional",1,85.8,"No",0
"6458-CYIDZ","Female",79,"No","No",5,1,"Fiber optic",3,2,0,"Occasional",1,80.7,"No",0
"0887-WBJVH","Female",44,"Yes","No",53,1,"5G",0,3,3,"Occasional",12,93.45,"No",0
"0310-MVLET","Female",54,"Yes","Yes",61,1,"No",2,2,3,"Frequent",1,99.15,"Yes",0
"3026-ATZYV","Female",24,"Yes","Yes",37,1,"DSL",3,2,3,"Occasional",12,75.1,"No",0
"7861-UVUFT","Female",64,"Yes","No",15,1,"5G",0,2,1,"Frequent",1,84.3,"Yes",0
"9681-OXGVC","Female",45,"No","No",5,2,"Fiber optic",0,2,3,"Frequent",1,100.5,"Yes",0
"0052-DCKON","Male",63,"Yes","No",66,2,"Fiber optic",3,3,3,"Occasional",12,115.8,"No",0
"2640-PMGFL","Male",27,"No","Yes",27,1,"No",0,3,0,"Occasional",1,79.5,"Yes",0
"4480-MBMLB","Female",41,"No","No",36,2,"Fiber optic",2,2,3,"Occasional",12,104.8,"No",0
"4056-QHXHZ","Female",22,"Yes","Yes",72,2,"5G",1,3,3,"Occasional",24,107.45,"No",0
"3173-WSSUE","Female",42,"No","No",71,1,"5G",0,1,0,"Occasional",24,19.7,"No",0
"1930-QPBVZ","Male",25,"Yes","Yes",68,1,"No",3,3,2,"Occasional",24,95.1,"No",0
"9837-FWLCH","Male",48,"No","No",12,1,"No",0,1,0,"Occasional",1,19.2,"No",0
"9895-VFOXH","Female",57,"No","No",1,0,"DSL",0,2,0,"Occasional",1,24.4,"No",0
"2885-HIJDH","Male",27,"Yes","Yes",69,2,"DSL",1,3,3,"Occasional",24,86.9,"No",0
"6736-DHUQI","Female",36,"Yes","Yes",67,1,"Fiber optic",3,2,0,"Occasional",12,84.8,"No",0
"1703-MGIAB","Female",25,"No","No",17,2,"DSL",0,3,1,"Occasional",1,69,"No",0
"1678-FYZOW","Female",62,"No","No",3,1,"Fiber optic",0,2,1,"Occasional",1,79.4,"Yes",0
"6377-KSLXC","Male",21,"No","No",5,1,"No",0,1,0,"Occasional",1,19.95,"No",0
"7328-ZJAJO","Female",39,"No","No",59,1,"No",0,1,0,"Occasional",24,19.5,"No",0
"2122-SZZZD","Male",65,"No","No",44,1,"No",0,1,0,"Occasional",12,19.5,"No",0
"3740-RLMVT","Male",90,"Yes","No",67,1,"DSL",3,3,0,"Occasional",12,60.95,"No",0
"7442-YGZFK","Male",40,"No","No",1,2,"5G",0,2,0,"Occasional",1,49.8,"No",0
"1402-PTHGN","Female",45,"Yes","Yes",18,1,"No",3,3,0,"Occasional",12,61.5,"No",0
"4789-KWMXN","Male",46,"Yes","No",47,2,"Fiber optic",1,3,3,"Occasional",12,110.85,"Yes",0
"3753-TSEMP","Female",29,"Yes","No",15,1,"5G",0,2,3,"Frequent",1,88.15,"Yes",0
"2696-NARTR","Male",47,"No","No",11,1,"Fiber optic",0,3,0,"Occasional",1,73.85,"Yes",0
"0701-TJSEF","Male",29,"No","No",9,1,"DSL",1,3,2,"Occasional",1,68.25,"No",0
"0840-DCNZE","Male",30,"No","No",47,1,"DSL",3,3,3,"Occasional",12,86.95,"No",0
"7964-YESJC","Female",31,"Yes","No",24,2,"DSL",3,2,0,"Occasional",1,66.3,"No",0
"7337-CINUD","Female",19,"Yes","Yes",8,1,"No",0,1,0,"Occasional",24,19.5,"No",0
"4018-KJYUY","Male",46,"No","No",22,1,"No",0,1,0,"Occasional",1,20.15,"No",0
"0365-BZUWY","Male",49,"Yes","No",17,2,"Fiber optic",2,2,3,"Occasional",1,102.55,"No",0
"2739-CCZMB","Male",39,"No","No",5,1,"No",0,1,0,"Occasional",1,20.35,"No",0
"1273-MTETI","Female",76,"No","No",4,2,"Fiber optic",0,2,2,"Frequent",1,88.85,"Yes",0
"6689-KXGBO","Female",31,"No","No",1,1,"DSL",2,2,0,"Frequent",1,50.55,"Yes",0
"5445-GLVOT","Female",33,"No","No",22,1,"No",1,2,0,"Occasional",1,49.8,"No",0
"6424-ELEYH","Female",32,"Yes","No",3,2,"Fiber optic",0,2,0,"Frequent",1,74.75,"Yes",0
"8605-ITULD","Female",53,"No","No",1,1,"5G",0,1,0,"Occasional",1,19.55,"No",0
"4121-AGSIN","Female",65,"No","No",58,2,"5G",0,1,0,"Occasional",12,24.5,"No",0
"8990-ZXLSU","Female",54,"No","No",9,1,"Fiber optic",0,2,0,"Occasional",1,69.05,"No",0
"7233-DRTRF","Male",19,"Yes","No",63,2,"Fiber optic",2,2,3,"Occasional",1,102.4,"No",0
"0002-ORFBO","Female",38,"Yes","Yes",9,1,"5G",2,3,1,"Occasional",12,65.6,"No",0
"0952-KMEEH","Male",49,"No","No",13,1,"No",1,2,3,"Frequent",1,98.15,"Yes",0
"6425-YQLLO","Female",69,"Yes","No",66,2,"Fiber optic",0,3,3,"Occasional",12,105.95,"Yes",0
"2452-KDRRH","Male",90,"No","No",67,1,"No",0,2,3,"Occasional",1,101.4,"No",0
"3724-UCSHY","Male",19,"Yes","Yes",6,1,"No",0,1,0,"Occasional",1,19.55,"No",0
"3793-MMFUH","Female",68,"No","No",13,2,"5G",0,2,3,"Frequent",1,95.05,"Yes",0
"0489-WMEMG","Female",25,"No","Yes",23,1,"DSL",0,3,0,"Occasional",12,49.45,"No",0
"4423-YLHDV","Female",48,"Yes","No",21,2,"5G",1,2,3,"Frequent",1,104.4,"Yes",0
"5539-TMZLF","Male",81,"No","No",1,1,"No",0,2,0,"Frequent",1,69.75,"Yes",0
"1684-FLBGS","Female",48,"Yes","Yes",23,2,"DSL",2,3,1,"Occasional",1,69.5,"No",0
"9318-NKNFC","Male",46,"No","No",1,1,"No",0,1,0,"Occasional",1,18.85,"Yes",0
"5228-EXCET","Male",27,"No","No",13,1,"Fiber optic",0,2,2,"Frequent",1,80.85,"Yes",0
"9150-HEPMB","Male",24,"No","No",56,1,"5G",1,2,0,"Occasional",12,52.7,"No",0
"1921-KYSAY","Female",37,"No","No",41,2,"5G",0,3,2,"Occasional",12,68.6,"No",0
"9600-UDOPK","Male",38,"Yes","No",30,2,"No",0,2,3,"Frequent",1,94.05,"Yes",0
"0386-CWRGM","Female",47,"No","No",46,1,"5G",0,1,0,"Occasional",24,19.4,"No",0
"8166-ZZTFS","Female",82,"Yes","No",66,2,"DSL",2,2,3,"Frequent",24,80.55,"Yes",0
"5921-NGYRH","Male",46,"Yes","No",64,1,"Fiber optic",1,2,0,"Occasional",1,73.55,"No",0
"3606-SBKRY","Male",48,"No","No",31,0,"DSL",0,2,3,"Occasional",12,50.05,"No",0
"1541-ETJZO","Male",55,"No","No",1,2,"DSL",0,3,0,"Occasional",1,62.05,"Yes",0
"7465-ZZRVX","Male",31,"No","No",1,1,"Fiber optic",0,2,0,"Occasional",1,70.35,"No",0
"9430-FRQOC","Female",50,"No","Yes",4,2,"5G",0,3,0,"Occasional",1,87.1,"Yes",0
"6374-AFWOX","Male",55,"Yes","No",46,1,"DSL",3,3,0,"Occasional",24,65.65,"No",0
"0958-YHXGP","Female",34,"No","No",7,1,"Fiber optic",0,2,0,"Occasional",1,69.9,"No",0
"7234-FECYN","Female",86,"No","No",8,2,"Fiber optic",0,2,3,"Frequent",1,101.35,"Yes",0
"0968-GSIKN","Female",20,"No","No",1,1,"Fiber optic",0,2,0,"Frequent",1,70.8,"Yes",0
"5626-MGTUK","Female",29,"No","No",20,2,"Fiber optic",1,2,1,"Occasional",1,89.1,"No",0
"8433-WXGNA","Male",23,"No","No",2,1,"No",1,2,0,"Frequent",1,75.7,"Yes",0
"4718-WXBGI","Male",62,"Yes","Yes",72,2,"DSL",3,3,3,"Occasional",24,91.95,"No",0
"2516-VQRRV","Female",65,"No","No",2,2,"No",0,2,0,"Frequent",1,75.45,"Yes",0
"8727-JQFHV","Male",22,"Yes","Yes",57,1,"No",0,1,0,"Occasional",24,20.75,"No",0
"1197-BVMVG","Female",87,"No","No",4,1,"No",0,2,0,"Occasional",1,74.45,"No",0
"9019-QVLZD","Female",20,"No","No",1,1,"Fiber optic",0,2,1,"Frequent",1,79.55,"Yes",0
"8457-XIGKN","Male",62,"No","No",20,1,"No",0,1,0,"Occasional",1,19.6,"No",0
"3518-PZXZQ","Female",26,"Yes","No",1,1,"DSL",0,2,1,"Occasional",1,55.3,"No",0
"4445-KWOKW","Female",53,"No","No",42,2,"5G",3,2,0,"Occasional",12,60.15,"No",0
"6537-QLGEX","Female",45,"No","No",16,0,"DSL",1,2,1,"Occasional",1,38.9,"No",0
"2202-CUYXZ","Male",35,"No","No",1,1,"Fiber optic",0,2,1,"Frequent",1,84.85,"Yes",0
"1866-ZSLJM","Male",20,"No","No",21,1,"No",0,1,0,"Occasional",1,20.5,"No",0
"0967-BMLBD","Female",49,"No","No",11,1,"No",0,1,0,"Occasional",12,20,"No",0
"0786-VSSUD","Male",60,"No","No",16,0,"DSL",2,2,1,"Frequent",1,39,"Yes",0
"9581-GVBXT","Male",19,"Yes","Yes",59,0,"DSL",1,2,0,"Occasional",12,34.8,"No",0
"6629-LADHQ","Female",39,"No","No",2,1,"DSL",1,2,0,"Occasional",1,50.95,"No",0
"5081-NWSUP","Female",43,"No","No",10,1,"DSL",2,3,2,"Occasional",12,64.9,"No",0
"0754-EEBDC","Male",22,"Yes","Yes",4,1,"5G",0,1,0,"Occasional",24,19.9,"No",0
"6242-SGYTS","Male",53,"Yes","Yes",62,1,"No",3,2,1,"Occasional",12,94.95,"No",0
"2958-NHPPS","Male",22,"No","No",23,1,"5G",0,1,0,"Occasional",1,20.85,"No",0
"5201-FRKKS","Male",39,"No","No",25,1,"Fiber optic",1,2,0,"Occasional",1,74.3,"No",0
"7663-YJHSN","Female",59,"Yes","No",72,2,"Fiber optic",3,3,1,"Occasional",24,103.95,"No",0
"4389-UEFCZ","Female",55,"Yes","No",72,2,"5G",1,2,3,"Occasional",24,105.5,"No",0
"4988-IQIGL","Male",84,"No","No",1,2,"Fiber optic",0,2,0,"Frequent",1,75.35,"Yes",0
"1498-NHTLT","Male",34,"Yes","Yes",59,1,"No",3,3,3,"Occasional",24,86.75,"No",0
"8612-GXIDD","Male",21,"Yes","Yes",12,2,"5G",0,1,0,"Occasional",24,25.4,"No",0
"3115-JPJDD","Female",41,"Yes","No",59,1,"Fiber optic",1,2,0,"Occasional",12,81.25,"No",0
"4182-BGSIQ","Female",60,"No","No",10,1,"No",0,1,0,"Occasional",1,19.8,"No",0
"3120-FAZKD","Male",22,"Yes","Yes",54,2,"No",0,1,0,"Occasional",24,24.05,"No",0
"2788-CJQAQ","Male",19,"No","No",13,1,"5G",0,1,0,"Occasional",12,19.45,"No",0
"1488-PBLJN","Female",45,"Yes","Yes",72,2,"5G",3,3,3,"Occasional",24,116.85,"No",0
"4860-IJUDE","Male",63,"No","No",13,1,"Fiber optic",1,2,0,"Occasional",1,73.75,"No",0
"9825-YCXWZ","Female",81,"No","No",41,1,"No",0,3,3,"Occasional",12,101.1,"No",0
"0420-HLGXF","Female",90,"No","No",39,2,"Fiber optic",0,2,3,"Occasional",1,99.75,"No",0
"0374-AACSZ","Female",41,"No","No",1,1,"DSL",1,2,0,"Occasional",1,50.15,"No",0
"7898-PDWQE","Male",34,"Yes","No",71,2,"5G",3,3,2,"Occasional",24,80.4,"No",0
"6838-YAUVY","Female",37,"No","No",54,2,"No",0,3,2,"Occasional",24,95.1,"No",0
"2387-KDZQY","Male",45,"No","No",17,1,"5G",0,1,0,"Occasional",12,20.1,"No",0
"1666-JZPZT","Male",22,"No","No",27,2,"5G",0,2,0,"Occasional",1,49,"No",0
"9711-FJTBX","Male",34,"Yes","Yes",56,1,"Fiber optic",2,3,0,"Occasional",12,85.85,"No",0
"3466-WAESX","Male",27,"No","Yes",16,2,"5G",3,2,2,"Occasional",1,69.1,"No",0
"6036-TTFYU","Female",35,"No","No",16,1,"No",0,1,0,"Occasional",1,19.6,"No",0
"7426-GSWPO","Male",74,"No","No",64,2,"Fiber optic",3,2,3,"Occasional",1,103.5,"No",0
"4338-EYCER","Male",59,"Yes","No",21,1,"DSL",0,2,1,"Occasional",1,54.6,"No",0
"6120-RJKLU","Female",85,"Yes","No",62,1,"DSL",1,3,3,"Occasional",24,79.95,"No",0
"3967-KXAPS","Male",40,"Yes","No",72,2,"DSL",3,3,3,"Occasional",24,92.3,"No",0
"8707-RMEZH","Female",67,"Yes","No",69,1,"Fiber optic",3,2,2,"Occasional",12,87.3,"No",0
"4367-NHWMM","Female",55,"No","No",1,0,"DSL",0,2,0,"Occasional",1,24.9,"No",0
"1833-VGRUM","Female",77,"No","No",1,2,"Fiber optic",0,2,0,"Frequent",1,74.2,"Yes",0
"4451-RWASJ","Male",61,"No","No",15,1,"No",0,1,0,"Occasional",12,19.5,"No",0
"5696-JVVQY","Female",19,"Yes","Yes",48,1,"DSL",3,2,2,"Occasional",24,70.1,"No",0
"0856-NAOES","Male",53,"No","No",6,1,"DSL",0,2,1,"Occasional",1,60.9,"No",0
"5934-TSSAU","Female",35,"Yes","Yes",23,1,"5G",0,2,0,"Occasional",1,75.3,"No",0
"2302-OUZXB","Male",37,"Yes","No",72,2,"DSL",2,2,3,"Occasional",24,82.15,"No",0
"3391-JSQEW","Male",49,"Yes","No",40,1,"DSL",2,2,0,"Occasional",1,50.15,"No",0
"3714-JTVOV","Female",78,"Yes","No",42,1,"Fiber optic",1,2,0,"Frequent",1,74.15,"Yes",0
"2466-NEJOJ","Male",65,"No","No",8,1,"No",0,1,0,"Occasional",1,19.65,"No",0
"3006-XIMLN","Female",47,"No","Yes",2,2,"Fiber optic",0,2,3,"Frequent",1,94.2,"Yes",0
"2302-ANTDP","Female",65,"Yes","No",48,2,"Fiber optic",3,3,3,"Occasional",1,117.45,"Yes",0
"3750-YHRYO","Male",22,"Yes","Yes",7,1,"5G",0,1,0,"Occasional",12,20.65,"No",0
"6350-XFYGW","Male",78,"No","No",4,1,"Fiber optic",0,2,3,"Occasional",1,94.75,"No",0
"1310-QRITU","Female",35,"No","No",18,2,"DSL",0,2,0,"Occasional",1,50.3,"No",0
"0585-EGDDA","Male",38,"Yes","No",40,2,"No",2,2,0,"Occasional",1,80,"No",0
"3237-AJGEH","Female",47,"No","No",3,1,"No",0,3,0,"Occasional",1,31,"Yes",0
"4012-YCFAI","Male",32,"Yes","No",60,1,"DSL",3,3,0,"Occasional",24,61.35,"No",0
"0997-YTLNY","Female",53,"No","Yes",19,1,"DSL",0,3,0,"Occasional",1,48.8,"No",0
"8065-YKXKD","Female",30,"No","No",10,2,"Fiber optic",0,2,0,"Frequent",1,74.75,"Yes",0
"1427-VERSM","Female",20,"Yes","No",56,1,"Fiber optic",0,3,3,"Occasional",1,98.7,"No",0
"8950-MTZNV","Male",51,"No","No",1,1,"DSL",0,2,0,"Occasional",1,44.95,"No",0
"6770-UAYGJ","Female",42,"No","No",49,2,"5G",0,1,0,"Occasional",24,25.25,"No",0
"7492-TAFJD","Male",56,"No","No",7,0,"5G",3,2,0,"Occasional",24,38.55,"No",0
"8033-VCZGH","Male",59,"Yes","No",50,2,"Fiber optic",1,2,3,"Occasional",12,103.95,"No",0
"0281-CNTZX","Male",56,"No","No",63,1,"No",0,1,0,"Occasional",24,19.95,"No",0
"2688-BHGOG","Male",65,"No","No",9,1,"Fiber optic",0,2,2,"Occasional",1,79.55,"No",0
"1833-TCXKK","Male",61,"Yes","No",45,2,"Fiber optic",2,2,3,"Occasional",1,107.75,"No",0
"7548-SEPYI","Female",45,"No","No",5,1,"5G",2,2,3,"Frequent",1,96.25,"Yes",0
"1376-HHBDV","Female",42,"No","No",30,1,"DSL",1,2,0,"Occasional",1,48.8,"No",0
"6685-GBWJZ","Male",49,"Yes","No",63,1,"No",3,3,1,"Occasional",12,70.8,"No",0
"3090-QFUVD","Female",22,"No","No",1,1,"No",0,1,0,"Occasional",1,20.3,"No",0
"4589-IUAJB","Male",22,"Yes","No",70,2,"No",0,1,0,"Occasional",24,24.25,"No",0
"0744-GKNGE","Female",25,"Yes","Yes",64,1,"No",1,3,0,"Occasional",1,86.8,"No",0
"7551-DACSP","Male",37,"Yes","Yes",6,1,"DSL",2,2,0,"Frequent",1,55.3,"Yes",0
"1088-CNNKB","Male",46,"No","No",63,2,"DSL",3,3,2,"Occasional",12,80,"No",0
"5569-KGJHX","Female",23,"Yes","Yes",9,2,"Fiber optic",0,2,1,"Occasional",1,85.35,"Yes",0
"0164-APGRB","Female",33,"No","No",72,1,"No",3,3,3,"Occasional",24,114.9,"No",0
"2154-KVJFF","Female",24,"No","No",15,2,"Fiber optic",2,2,0,"Frequent",1,79.75,"Yes",0
"0315-LVCRK","Male",24,"No","No",11,2,"No",0,2,2,"Occasional",1,84.8,"No",0
"6211-WWLTF","Male",62,"Yes","No",63,1,"Fiber optic",1,2,3,"Occasional",24,99.7,"No",0
"5995-OIGLP","Male",59,"No","No",12,1,"DSL",1,3,0,"Occasional",1,56.65,"Yes",0
"7850-THJMU","Female",45,"No","No",26,1,"No",0,1,0,"Occasional",24,19.65,"No",0
"9646-NMHXE","Male",21,"Yes","No",47,1,"5G",0,1,0,"Occasional",24,19.65,"No",0
"2195-ZRVAX","Female",59,"Yes","No",47,1,"No",0,2,2,"Frequent",1,85.3,"Yes",0
"9685-WKZGT","Male",68,"No","No",14,1,"DSL",0,2,0,"Frequent",1,74.95,"Yes",0
"3422-WJOYD","Male",19,"Yes","No",28,1,"DSL",1,3,0,"Occasional",12,54.35,"No",0
"4248-QPAVC","Female",81,"Yes","No",17,2,"5G",1,2,0,"Frequent",1,85.35,"Yes",0
"2253-KPMNB","Female",24,"Yes","Yes",69,1,"No",3,3,0,"Occasional",24,46.25,"No",0
"3143-ILDAL","Male",48,"No","No",56,2,"5G",2,3,2,"Occasional",1,94.45,"Yes",0
"7312-XSBAT","Male",59,"No","No",1,1,"DSL",1,2,0,"Occasional",1,49.75,"No",0
"3351-NQLDI","Female",33,"Yes","Yes",67,1,"No",1,3,2,"Occasional",12,94.35,"Yes",0
"6888-SBYAI","Male",30,"No","No",1,1,"DSL",1,2,0,"Occasional",1,50.7,"No",0
"6776-TLWOI","Male",46,"No","No",3,1,"No",0,1,0,"Occasional",1,19.85,"Yes",0
"8993-PHFWD","Female",36,"No","No",3,0,"DSL",0,2,0,"Frequent",1,25.25,"Yes",0
"7876-DNYAP","Female",58,"No","No",69,1,"5G",0,1,0,"Occasional",24,19.8,"No",0
"5960-MVTUK","Male",48,"No","No",3,2,"No",0,3,0,"Occasional",1,29.75,"No",0
"0487-VVUVK","Male",54,"No","No",25,1,"No",0,1,0,"Occasional",1,19.15,"No",0
"5222-JCXZT","Male",20,"No","No",4,1,"No",0,1,0,"Occasional",1,19,"No",0
"0455-ENTCR","Male",48,"Yes","No",66,2,"5G",3,3,3,"Occasional",24,85.25,"No",0
"8898-KASCD","Male",39,"No","No",39,0,"5G",0,3,0,"Occasional",12,35.55,"No",0
"9418-RUKPH","Female",38,"No","No",38,1,"No",0,1,0,"Occasional",24,19.95,"No",0
"7542-CYDDM","Male",19,"No","No",18,1,"No",0,1,0,"Occasional",1,20.05,"No",0
"3669-OYSJI","Male",21,"No","No",1,1,"5G",0,2,0,"Frequent",1,46.2,"Yes",0
"6218-KNUBD","Male",57,"No","No",6,1,"DSL",2,2,1,"Occasional",1,59.45,"No",0
"1016-DJTSV","Male",82,"No","No",8,1,"Fiber optic",0,2,0,"Occasional",1,69.7,"No",0
"5035-BVCXS","Male",46,"No","No",11,1,"5G",2,2,0,"Occasional",1,75.9,"No",0
"5018-HEKFO","Female",63,"No","No",10,2,"No",0,1,0,"Occasional",1,24.5,"No",0
"2665-NPTGL","Female",76,"Yes","No",26,2,"Fiber optic",0,2,3,"Occasional",1,98.1,"No",0
"1393-IMKZG","Female",44,"No","No",1,1,"5G",0,3,3,"Occasional",1,95.85,"No",0
"1363-TXLSL","Male",89,"Yes","No",1,1,"Fiber optic",0,2,0,"Frequent",1,70.3,"Yes",0
"2946-KIQSP","Female",22,"No","No",35,0,"DSL",0,3,0,"Occasional",1,33.45,"No",0
"7923-IYJWY","Male",82,"No","No",67,2,"No",3,3,3,"Occasional",24,116.1,"No",0
"8570-KLJYJ","Female",59,"No","No",36,2,"DSL",1,2,0,"Occasional",12,54.45,"No",0
"5985-BEHZK","Female",65,"Yes","No",72,2,"Fiber optic",2,2,3,"Occasional",12,105,"No",0
"5010-IPEAQ","Female",60,"Yes","Yes",67,0,"DSL",3,3,1,"Occasional",24,54.2,"No",0
"8966-KZXXA","Male",21,"Yes","Yes",36,2,"5G",0,1,0,"Occasional",24,25.1,"No",0
"5828-AVIPD","Male",19,"Yes","Yes",19,1,"No",0,3,3,"Occasional",12,100.95,"Yes",0
"2750-BJLSB","Female",23,"No","No",47,1,"Fiber optic",1,3,3,"Occasional",12,103.7,"No",0
"5924-IFQTT","Male",61,"Yes","Yes",13,1,"No",2,3,1,"Occasional",1,72.8,"No",0
"2005-DWQZJ","Female",49,"No","No",8,1,"No",0,1,0,"Occasional",24,19.05,"No",0
"5003-OKNNK","Female",47,"No","No",15,1,"No",0,1,0,"Occasional",12,20.35,"No",0
"5366-IJEQJ","Male",24,"No","No",20,2,"Fiber optic",0,2,1,"Frequent",1,88.7,"Yes",0
"9524-EGPJC","Female",28,"No","No",18,2,"5G",0,3,2,"Occasional",1,90.1,"Yes",0
"8280-MQRQN","Female",29,"No","No",1,1,"DSL",0,2,0,"Frequent",1,50.45,"Yes",0
"4102-OQUPX","Male",80,"Yes","No",1,1,"No",0,2,0,"Frequent",1,74.4,"Yes",0
"5562-YJQGT","Female",20,"No","No",2,1,"No",0,1,0,"Occasional",1,20.35,"No",0
"7180-PISOG","Male",50,"Yes","Yes",1,2,"5G",0,2,0,"Frequent",1,74.5,"Yes",0
"1534-OULXE","Female",44,"Yes","Yes",61,1,"DSL",1,2,0,"Occasional",12,49.7,"No",0
"1928-BXYIV","Male",37,"No","No",1,2,"DSL",3,2,0,"Occasional",1,61.15,"No",0
"5795-KTGUD","Female",61,"Yes","No",68,1,"No",3,2,3,"Occasional",24,110.8,"No",0
"0875-CABNR","Female",67,"No","No",10,1,"Fiber optic",0,2,2,"Frequent",1,84.6,"Yes",0
"0151-ONTOV","Female",61,"No","No",1,1,"5G",0,2,0,"Frequent",1,70.9,"Yes",0
"5383-MMTWC","Female",90,"Yes","No",8,2,"Fiber optic",0,2,2,"Frequent",1,84,"Yes",0
"7903-CMPEY","Male",65,"Yes","No",1,2,"Fiber optic",1,2,0,"Frequent",1,80.3,"Yes",0
"8835-VSDSE","Female",24,"Yes","No",2,1,"DSL",0,2,0,"Frequent",1,70.7,"Yes",0
"4936-YPJNK","Female",19,"No","No",10,1,"No",0,1,0,"Occasional",1,19.9,"No",0
"8148-NLEGT","Female",20,"Yes","Yes",42,1,"No",0,1,0,"Occasional",24,22.95,"No",0
"6924-TDGMT","Male",56,"No","No",11,1,"DSL",0,1,0,"Occasional",12,20.55,"No",0
"1809-DMJHQ","Female",50,"No","Yes",5,1,"DSL",0,2,0,"Frequent",1,46,"Yes",0
"9504-DSHWM","Male",54,"No","No",20,2,"5G",1,3,0,"Occasional",1,59.2,"No",0
"4177-JPDFU","Male",42,"No","No",12,1,"No",2,3,0,"Occasional",1,34,"No",0
"3133-PZNSR","Male",28,"Yes","Yes",72,1,"No",3,3,2,"Occasional",24,97.75,"No",0
"3612-YVGSJ","Female",48,"No","No",71,1,"No",0,1,0,"Occasional",24,24.45,"No",0
"4859-ZSRDZ","Female",62,"Yes","Yes",58,0,"5G",0,3,3,"Occasional",24,55.5,"No",0
"5614-DNZCE","Female",30,"No","No",58,1,"DSL",3,3,0,"Occasional",24,64.9,"No",0
"9558-IHEZX","Female",19,"No","No",71,2,"Fiber optic",3,2,3,"Occasional",24,106.75,"No",0
"7602-MVRMB","Female",43,"Yes","Yes",72,1,"DSL",1,3,3,"Occasional",24,110.45,"No",0
"2039-JONDJ","Male",40,"No","No",27,1,"5G",3,2,0,"Occasional",12,55.45,"No",0
"4854-SSLTN","Male",63,"Yes","Yes",2,1,"No",3,3,0,"Occasional",24,59.5,"No",0
"2013-SGDXK","Female",52,"No","No",1,1,"Fiber optic",2,2,1,"Frequent",1,84.3,"Yes",0
"6777-TGHTM","Female",28,"No","No",53,2,"Fiber optic",1,2,3,"Frequent",12,106.95,"Yes",0
"4077-HWUYD","Male",46,"Yes","Yes",72,2,"DSL",3,3,3,"Occasional",24,87.55,"No",0
"7508-KBIMB","Male",23,"Yes","Yes",24,1,"DSL",1,2,0,"Occasional",12,56.25,"No",0
"9430-NKQLY","Male",43,"No","No",72,2,"No",0,1,0,"Occasional",24,25.1,"No",0
"5649-TJHOV","Male",86,"Yes","No",27,0,"DSL",0,2,2,"Frequent",1,36.5,"Yes",0
"5095-ETBRJ","Female",36,"No","No",55,1,"5G",3,3,0,"Occasional",24,56.8,"No",0
"9357-UJRUN","Male",30,"Yes","No",24,1,"No",1,3,0,"Occasional",12,58.35,"No",0
"9248-OJYKK","Male",84,"No","No",1,2,"Fiber optic",0,2,0,"Frequent",1,76.45,"Yes",0
"9863-JZAIC","Male",65,"No","No",35,1,"DSL",0,2,1,"Frequent",1,55,"Yes",0
"8837-VVWLQ","Female",60,"No","No",8,1,"Fiber optic",1,2,1,"Frequent",1,84.95,"Yes",0
"1597-LHYNC","Female",69,"No","No",26,2,"Fiber optic",3,2,2,"Frequent",1,95,"Yes",0
"6574-MCOEH","Female",64,"No","No",33,2,"DSL",0,3,3,"Occasional",12,79.15,"No",0
"6339-DKLMK","Female",53,"No","No",13,0,"DSL",2,2,0,"Occasional",1,31.65,"No",0
"3873-NFTGI","Male",27,"No","No",14,2,"DSL",2,2,0,"Occasional",1,55.5,"No",0
"8871-JLMHM","Female",55,"Yes","No",68,2,"No",2,3,0,"Occasional",24,90.2,"No",0
"2038-OEQZH","Male",47,"No","No",4,1,"5G",0,2,2,"Occasional",1,86.05,"No",0
"6532-YLWSI","Female",46,"No","No",53,1,"No",0,1,0,"Occasional",12,20.8,"Yes",0
"1641-BYBTK","Male",19,"No","Yes",6,1,"5G",0,1,0,"Occasional",1,20.2,"No",0
"2971-SGAFL","Female",40,"No","No",13,2,"DSL",1,2,3,"Occasional",1,78.75,"No",0
"3088-LHEFH","Female",52,"No","No",11,2,"Fiber optic",1,2,0,"Occasional",1,79,"No",0
"7980-MHFLQ","Female",21,"Yes","Yes",72,2,"No",0,1,0,"Occasional",24,24.9,"No",0
"0270-THENM","Male",63,"Yes","Yes",72,2,"DSL",3,3,0,"Occasional",24,69.85,"No",0
"6728-CZFEI","Female",34,"No","No",15,1,"DSL",0,2,1,"Occasional",12,56.15,"No",0
"8454-AATJP","Female",33,"No","No",72,1,"No",3,3,3,"Occasional",24,115.05,"No",0
"2100-BDNSN","Female",58,"Yes","No",5,2,"DSL",0,3,1,"Occasional",1,67.95,"Yes",0
"8883-GRDWQ","Male",71,"No","No",20,1,"5G",1,3,0,"Occasional",12,54,"No",0
"6110-OHIHY","Male",19,"No","No",3,1,"Fiber optic",0,2,1,"Frequent",1,79.25,"Yes",0
"3389-YGYAI","Female",69,"No","No",8,2,"Fiber optic",2,2,3,"Frequent",1,105.5,"Yes",0
"7365-BVCJH","Male",50,"No","No",1,2,"No",0,2,0,"Occasional",1,24.4,"No",0
"8984-HPEMB","Female",49,"No","No",71,2,"5G",3,3,3,"Occasional",24,118.65,"No",0
"1734-ZMNTZ","Female",22,"Yes","Yes",11,2,"No",0,1,0,"Occasional",24,25,"No",0
"8063-GBATB","Female",68,"No","No",27,2,"Fiber optic",0,2,2,"Frequent",1,85.25,"Yes",0
"8200-LGKSR","Male",54,"Yes","No",71,2,"DSL",1,3,3,"Occasional",24,83.2,"No",0
"9574-RKJIF","Male",46,"Yes","Yes",30,2,"Fiber optic",3,2,1,"Frequent",1,94.4,"Yes",0
"9565-AXSMR","Male",19,"Yes","Yes",52,1,"No",0,1,0,"Occasional",24,19.2,"No",0
"4236-XPXAV","Female",20,"Yes","Yes",5,1,"No",2,3,3,"Occasional",1,99.15,"Yes",0
"4361-BKAXE","Female",62,"No","No",41,2,"DSL",3,3,3,"Occasional",1,114.5,"Yes",0
"2468-SJFLM","Male",24,"No","No",1,1,"DSL",0,3,0,"Occasional",1,74.3,"No",0
"0397-ZXWQF","Male",43,"No","No",67,2,"No",0,1,0,"Occasional",24,20.5,"No",0
"3913-RDSJZ","Female",57,"No","No",64,1,"DSL",0,1,0,"Occasional",24,25.55,"No",0
"3594-IVHJZ","Female",20,"No","No",2,1,"No",0,1,0,"Occasional",1,20.45,"No",0
"3348-CFRNX","Female",47,"Yes","No",28,1,"No",1,2,3,"Frequent",1,92.35,"Yes",0
"6214-EDAKZ","Female",60,"Yes","Yes",22,1,"DSL",2,3,0,"Occasional",1,55.15,"Yes",0
"3946-MHCZW","Male",38,"No","No",1,1,"5G",0,2,0,"Frequent",1,50.9,"Yes",0
"1270-XKUCC","Female",61,"No","No",30,1,"No",0,1,0,"Occasional",24,19.7,"No",0
"4471-KXAUH","Female",46,"Yes","No",42,2,"Fiber optic",0,3,0,"Occasional",1,84.3,"Yes",0
"2592-YKDIF","Female",35,"No","No",1,1,"5G",0,1,0,"Occasional",1,20.35,"No",0
"2300-RQGOI","Female",58,"No","No",38,1,"No",0,1,0,"Occasional",24,20.05,"No",0
"7361-YPXFS","Female",78,"No","No",28,2,"5G",2,3,0,"Occasional",1,64.45,"No",0
"3317-HRTNN","Female",75,"No","No",5,0,"DSL",0,2,3,"Frequent",1,45.7,"Yes",0
"2369-UAPKZ","Male",51,"No","No",5,2,"Fiber optic",2,2,3,"Frequent",1,104.1,"Yes",0
"9436-ZBZCT","Male",29,"No","No",14,2,"5G",0,3,1,"Occasional",1,89.95,"Yes",0
"9755-JHNMN","Female",38,"No","No",49,1,"5G",3,3,0,"Occasional",24,67.4,"No",0
"1574-DYCWE","Female",21,"Yes","Yes",51,1,"No",0,1,0,"Occasional",24,19.95,"No",0
"1407-DIGZV","Female",20,"Yes","Yes",3,1,"DSL",0,1,0,"Occasional",24,19.1,"No",0
"8058-DMYRU","Male",86,"No","No",54,2,"5G",2,2,2,"Occasional",1,90.05,"No",0
"2250-IVBWA","Male",62,"Yes","Yes",64,1,"No",3,2,0,"Occasional",1,81.05,"No",0
"9732-EQMWY","Female",44,"Yes","No",49,1,"Fiber optic",2,2,3,"Occasional",1,99.4,"No",0
"9223-UCPVT","Female",55,"No","No",1,1,"Fiber optic",0,2,3,"Frequent",1,94.4,"Yes",0
"7663-CUXZB","Male",19,"Yes","No",59,1,"No",3,3,3,"Occasional",24,113.75,"No",0
"1370-GGAWX","Female",41,"No","No",46,1,"No",2,2,2,"Occasional",12,94.15,"No",0
"0295-PPHDO","Male",49,"No","No",1,2,"Fiber optic",0,2,3,"Frequent",1,95.45,"Yes",0
"5387-ASZNZ","Female",69,"No","No",66,1,"No",3,3,0,"Occasional",12,63.85,"No",0
"4979-HPRFL","Male",44,"No","No",56,2,"No",0,1,0,"Occasional",24,24.15,"No",0
"3156-QLHBO","Male",22,"No","Yes",2,1,"5G",0,1,0,"Occasional",1,19.25,"No",0
"9102-OXKFY","Male",40,"No","No",59,2,"DSL",0,2,0,"Occasional",24,54.15,"No",0
"0621-TSSMU","Male",61,"No","No",56,2,"No",0,1,0,"Occasional",12,19.95,"No",0
"3845-FXCYS","Male",48,"No","No",2,1,"No",0,1,0,"Occasional",1,19.65,"No",0
"4079-ULGFR","Male",21,"No","No",16,1,"No",0,1,0,"Occasional",1,20,"No",0
"9300-RENDD","Male",56,"No","No",1,1,"DSL",0,2,1,"Frequent",1,79.95,"Yes",0
"1142-WACZW","Male",50,"No","No",2,1,"No",0,3,0,"Occasional",1,29.85,"Yes",0
"4931-TRZWN","Female",47,"No","No",13,1,"No",1,2,3,"Occasional",1,71.95,"No",0
"7802-EFKNY","Male",47,"No","No",5,0,"5G",0,2,0,"Frequent",1,24.95,"Yes",0
"6270-OMFIW","Male",34,"Yes","No",60,1,"5G",2,2,3,"Frequent",12,94.4,"Yes",0
"3062-ICYZQ","Female",20,"Yes","Yes",51,2,"5G",3,2,2,"Occasional",1,93.8,"No",0
"4690-LLKUA","Male",85,"No","No",17,1,"5G",0,2,0,"Frequent",1,45.05,"Yes",0
"8685-WHQPW","Female",82,"No","No",22,2,"Fiber optic",0,2,0,"Occasional",1,74.4,"Yes",0
"2478-EEWWM","Male",63,"Yes","No",59,0,"DSL",0,2,3,"Occasional",1,44.3,"No",0
"5327-XOKKY","Male",77,"Yes","No",72,2,"DSL",0,2,3,"Occasional",24,73.45,"No",0
"1852-XEMDW","Male",19,"No","No",22,2,"DSL",3,2,0,"Occasional",1,65.05,"No",0
"5208-HFSBT","Female",30,"No","No",2,1,"5G",2,3,0,"Occasional",1,55.05,"Yes",0
"8075-GXIUB","Male",71,"Yes","No",9,1,"No",0,1,0,"Occasional",12,19.85,"No",0
"9787-XVQIU","Male",27,"No","No",1,2,"5G",0,2,0,"Frequent",1,75.3,"Yes",0
"3893-JRNFS","Male",60,"No","No",68,0,"DSL",0,2,2,"Occasional",1,39.9,"No",0
"4176-RELJR","Male",73,"No","No",67,1,"No",0,1,0,"Occasional",24,25.1,"No",0
"0516-QREYC","Female",76,"No","No",24,1,"No",0,1,0,"Occasional",1,20.3,"No",0
"3511-APPBJ","Male",30,"No","No",23,1,"DSL",1,2,3,"Occasional",12,99.95,"No",0
"6094-ZIVKX","Female",48,"No","No",68,1,"DSL",1,2,0,"Occasional",12,54.45,"No",0
"4023-RTIQM","Female",76,"Yes","No",31,0,"DSL",3,2,2,"Occasional",12,50.4,"No",0
"1956-YIFGE","Male",63,"Yes","Yes",22,1,"Fiber optic",2,2,3,"Occasional",12,100.05,"No",0
"4986-MXSFP","Female",54,"No","No",2,1,"No",0,1,0,"Occasional",1,20,"No",0
"7801-KICAO","Female",60,"No","No",18,2,"Fiber optic",0,2,0,"Occasional",1,74.15,"No",0
"7872-BAAZR","Female",44,"No","No",53,1,"No",0,1,0,"Occasional",12,19.55,"No",0
"3863-QSTYI","Male",54,"No","No",59,1,"DSL",0,3,1,"Occasional",1,64.65,"No",0
"3914-FDRHP","Male",53,"No","No",9,1,"Fiber optic",0,3,1,"Occasional",1,86.25,"No",0
"3934-HXCFZ","Male",27,"Yes","No",23,2,"Fiber optic",3,2,1,"Frequent",1,99.25,"Yes",0
"1951-IEYXM","Male",44,"Yes","Yes",72,2,"DSL",3,3,3,"Occasional",24,90.6,"No",0
"5950-AAAGJ","Male",59,"No","No",18,2,"No",0,2,1,"Occasional",1,84.3,"No",0
"5183-KLYEM","Female",41,"No","No",72,2,"Fiber optic",3,3,3,"Occasional",24,112.75,"No",0
"1867-TJHTS","Female",61,"No","No",58,1,"No",1,2,0,"Occasional",1,79.8,"No",0
"6185-TASNN","Male",72,"No","No",1,1,"DSL",0,2,0,"Occasional",1,46.3,"No",0
"3301-LSLWQ","Female",26,"No","No",29,1,"DSL",1,2,2,"Occasional",1,66.1,"No",0
"6518-LGAOV","Female",21,"Yes","No",38,2,"Fiber optic",0,3,3,"Occasional",1,105,"Yes",0
"1000-AJSLD","Male",60,"No","No",1,1,"No",0,1,0,"Occasional",1,20.1,"Yes",0
"1689-MRZQR","Male",33,"Yes","Yes",34,1,"5G",0,2,1,"Frequent",1,78.3,"Yes",0
"3097-FQTVJ","Female",20,"No","No",41,1,"No",0,1,0,"Occasional",24,20,"No",0
"5883-GTGVD","Male",24,"No","No",19,2,"Fiber optic",2,2,3,"Frequent",1,99.95,"Yes",0
"6257-DTAYD","Male",19,"Yes","No",71,2,"Fiber optic",2,3,3,"Occasional",24,104.15,"No",0
"1099-GODLO","Female",54,"No","No",1,1,"No",0,1,0,"Occasional",24,20.35,"No",0
"2839-RFSQE","Female",63,"No","No",2,1,"No",0,1,0,"Occasional",1,20.65,"Yes",0
"5553-AOINX","Female",83,"Yes","Yes",66,2,"Fiber optic",2,2,3,"Occasional",12,104.9,"No",0
"9588-OZDMQ","Female",28,"Yes","No",2,1,"No",0,2,0,"Occasional",1,45,"No",0
"9239-ZBZZV","Female",58,"No","No",6,0,"DSL",0,2,3,"Frequent",1,47.95,"Yes",0
"1481-ZUWZA","Male",47,"No","No",28,1,"No",3,2,2,"Frequent",1,94.5,"Yes",0
"5696-EXCYS","Male",51,"No","No",17,1,"No",0,1,0,"Occasional",24,19.45,"No",0
"9087-EYCPR","Female",46,"No","No",60,2,"5G",0,1,0,"Occasional",24,25,"No",0
"7311-MQJCH","Female",19,"No","No",5,1,"5G",0,1,0,"Occasional",12,19.55,"No",0
"0080-EMYVY","Female",32,"No","No",14,1,"DSL",2,2,0,"Occasional",12,51.45,"No",0
"3049-SOLAY","Female",48,"Yes","No",3,2,"Fiber optic",0,2,3,"Frequent",1,95.2,"Yes",0
"7860-UXCRM","Male",47,"Yes","Yes",63,1,"DSL",3,3,1,"Occasional",24,74.5,"No",0
"9891-NQDBD","Female",45,"No","No",28,2,"5G",0,1,0,"Occasional",12,25.55,"No",0
"9408-HRXRK","Female",56,"Yes","Yes",45,2,"5G",3,2,3,"Occasional",1,105.15,"No",0
"0345-XMMUG","Female",36,"Yes","No",46,2,"Fiber optic",2,3,3,"Occasional",24,108.9,"No",0
"4692-NNQRU","Female",31,"Yes","No",21,1,"No",0,3,0,"Occasional",12,79.2,"No",0
"3807-BPOMJ","Female",60,"Yes","No",55,1,"Fiber optic",1,2,3,"Occasional",12,94.75,"No",0
"5666-MBJPT","Male",52,"No","No",65,2,"No",0,1,0,"Occasional",24,25.1,"No",0
"0191-EQUUH","Female",20,"No","Yes",25,0,"DSL",1,3,0,"Occasional",24,35.05,"No",0
"0722-TROQR","Female",90,"No","No",4,2,"Fiber optic",0,2,0,"Frequent",1,74.9,"Yes",0
"8740-CRYFY","Male",36,"No","No",1,1,"Fiber optic",0,2,1,"Frequent",1,78.95,"Yes",0
"3519-ZKXGG","Female",25,"Yes","No",3,2,"Fiber optic",0,2,0,"Frequent",1,75.85,"Yes",0
"2450-ZKEED","Female",40,"No","No",11,1,"5G",0,3,0,"Occasional",12,53.8,"No",0
"1971-DTCZB","Female",30,"Yes","No",72,2,"DSL",3,3,3,"Occasional",24,90.95,"No",0
"4482-FTFFX","Male",45,"No","No",5,1,"DSL",0,3,0,"Occasional",1,56.15,"No",0
"7284-ZZLOH","Male",25,"Yes","No",45,1,"No",1,2,0,"Occasional",24,53.3,"No",0
"5803-NQJZO","Male",20,"Yes","No",72,2,"DSL",3,3,0,"Occasional",24,67.8,"No",0
"2303-PJYHN","Female",19,"Yes","No",2,1,"No",0,1,0,"Occasional",1,19.85,"No",0
"3424-NMNBO","Male",69,"Yes","No",58,2,"DSL",3,2,3,"Frequent",12,108.85,"Yes",0
"5117-ZSMHQ","Female",38,"Yes","Yes",71,1,"No",3,3,3,"Occasional",24,89.9,"No",0
"6286-SUUWT","Male",22,"No","No",1,1,"No",0,1,0,"Occasional",1,19.95,"No",0
"0308-GIQJT","Male",88,"No","No",71,2,"5G",2,3,3,"Occasional",12,105.75,"No",0
"4010-YLMVT","Female",40,"No","No",56,2,"5G",3,2,3,"Occasional",1,106.6,"No",0
"5716-LIBJC","Female",22,"No","Yes",13,2,"Fiber optic",2,2,3,"Occasional",12,104.15,"No",0
"4343-EJVQB","Male",56,"No","No",7,1,"Fiber optic",1,2,0,"Occasional",1,74.35,"No",0
"0201-MIBOL","Female",72,"No","No",66,2,"Fiber optic",1,2,3,"Occasional",24,102.4,"No",0
"5456-ITGIC","Male",82,"Yes","No",72,1,"No",3,3,3,"Occasional",24,64.45,"No",0
"5993-JSUWV","Female",51,"No","No",66,1,"No",3,2,0,"Occasional",24,61.15,"No",0
"2135-DQWAQ","Female",42,"No","No",5,1,"5G",2,2,1,"Occasional",1,85.3,"No",0
"7767-UXAGJ","Male",60,"No","No",1,2,"5G",0,2,0,"Frequent",1,50.45,"Yes",0
"7878-JGDKK","Male",33,"No","No",4,1,"No",0,2,0,"Occasional",1,44.55,"No",0
"5666-CYCYZ","Female",37,"No","No",24,2,"Fiber optic",0,3,2,"Occasional",1,89.55,"No",0
"3886-CERTZ","Female",55,"Yes","No",72,2,"Fiber optic",2,3,3,"Occasional",12,109.25,"Yes",0
"1622-HSHSF","Female",20,"No","No",1,1,"No",0,1,0,"Occasional",1,19.55,"No",0
"5052-PNLOS","Male",36,"No","No",3,2,"No",2,2,3,"Frequent",1,105.35,"Yes",0
"3635-QQRQD","Male",47,"No","No",62,1,"No",0,1,0,"Occasional",24,20.05,"No",0
"9788-HNGUT","Male",21,"Yes","No",72,2,"Fiber optic",3,3,3,"Occasional",24,116.95,"No",0
"3198-VELRD","Female",51,"Yes","Yes",3,2,"5G",0,2,2,"Frequent",1,84.75,"Yes",0
"0181-RITDD","Male",52,"Yes","Yes",62,1,"5G",3,3,3,"Occasional",24,108.15,"No",0
"3866-MDTUB","Female",39,"No","No",2,1,"No",1,2,3,"Frequent",1,70.75,"Yes",0
"5572-ZDXHY","Female",50,"No","No",22,1,"Fiber optic",2,2,2,"Frequent",1,84.3,"Yes",0
"4067-HLYQI","Female",54,"No","No",33,1,"Fiber optic",0,2,0,"Occasional",1,70.4,"No",0
"9661-MHUMO","Male",80,"Yes","Yes",1,1,"DSL",0,3,0,"Occasional",1,49.25,"Yes",0
"7037-MTYVW","Male",58,"No","No",38,1,"DSL",1,3,3,"Occasional",24,85.4,"No",0
"3717-LNXKW","Male",40,"No","No",38,2,"Fiber optic",1,2,1,"Occasional",1,91.7,"No",0
"8547-NSBBO","Male",46,"No","No",35,2,"Fiber optic",3,3,0,"Occasional",1,96.75,"No",0
"6595-YGXIT","Male",68,"No","No",25,2,"Fiber optic",2,2,1,"Frequent",1,88.95,"Yes",0
"8972-HJWNV","Female",71,"Yes","No",7,2,"Fiber optic",0,2,2,"Frequent",1,84.55,"Yes",0
"1696-MZVAU","Male",48,"No","No",39,0,"5G",0,2,0,"Occasional",12,25.25,"No",0
"9257-AZMTZ","Female",40,"No","No",52,1,"No",0,1,0,"Occasional",24,20.1,"No",0
"9127-FHJBZ","Male",40,"Yes","Yes",72,2,"5G",3,3,3,"Occasional",24,114,"No",0
"6103-QCKFX","Female",56,"Yes","Yes",44,1,"DSL",1,3,0,"Occasional",1,56.25,"No",0
"7124-UGSUR","Female",74,"Yes","No",61,2,"Fiber optic",2,2,3,"Frequent",12,104.4,"Yes",0
"4280-DLSHD","Male",53,"Yes","No",8,1,"DSL",2,2,0,"Occasional",1,54.75,"No",0
"1047-RNXZV","Male",52,"No","No",43,1,"No",0,1,0,"Occasional",24,19.55,"No",0
"1447-GIQMR","Male",46,"No","No",1,1,"Fiber optic",0,2,0,"Frequent",1,69.15,"Yes",0
"5186-SAMNZ","Male",82,"No","No",1,1,"No",0,2,0,"Frequent",1,69.5,"Yes",0
"3427-GGZZI","Female",56,"Yes","No",19,2,"Fiber optic",2,2,2,"Occasional",1,89.1,"No",0
"0142-GVYSN","Male",53,"No","No",26,1,"DSL",0,1,0,"Occasional",1,20.3,"No",0
"8292-ITGYJ","Female",52,"No","No",45,2,"5G",0,1,0,"Occasional",24,24.65,"No",0
"8904-OPDCK","Male",20,"Yes","No",54,0,"DSL",0,2,0,"Occasional",1,24.95,"No",0
"3058-HJCUY","Male",41,"No","No",41,2,"Fiber optic",0,3,3,"Occasional",12,102.6,"Yes",0
"2388-LAESQ","Female",75,"Yes","No",72,2,"5G",3,3,3,"Occasional",24,114.85,"No",0
"6178-KFNHS","Female",21,"No","Yes",12,2,"Fiber optic",1,2,0,"Frequent",1,78.3,"Yes",0
"4465-VDKIQ","Female",45,"No","No",18,1,"Fiber optic",2,2,0,"Occasional",1,77.8,"No",0
"9490-DFPMD","Female",78,"No","No",42,2,"5G",0,2,1,"Frequent",1,84.65,"Yes",0
"7175-NTIXE","Female",22,"No","No",25,1,"DSL",1,3,3,"Occasional",1,76.15,"No",0
"5375-XLDOF","Male",53,"Yes","Yes",69,2,"Fiber optic",3,3,3,"Occasional",24,114.35,"No",0
"7025-IWFHT","Male",46,"No","No",41,1,"Fiber optic",2,3,1,"Occasional",12,89.55,"No",0
"4518-FZBSX","Male",21,"Yes","Yes",42,1,"DSL",0,1,0,"Occasional",12,20.25,"No",0
"3978-YNKDD","Male",20,"No","Yes",19,1,"No",0,1,0,"Occasional",24,20.85,"No",0
"9793-WECQC","Male",34,"No","No",23,1,"5G",2,2,3,"Occasional",1,95.3,"No",0
"0076-LVEPS","Male",56,"No","Yes",29,0,"DSL",3,3,0,"Occasional",1,45,"No",0
"1591-MQJTP","Male",68,"Yes","No",51,2,"Fiber optic",1,2,2,"Occasional",12,93.65,"No",0
"9668-PUGNU","Male",62,"No","No",71,1,"No",0,1,0,"Occasional",24,24.5,"No",0
"0750-EKNGL","Male",21,"No","No",7,1,"No",0,1,0,"Occasional",1,20.75,"No",0
"6427-FEFIG","Female",44,"Yes","Yes",24,2,"DSL",1,2,3,"Occasional",24,78.6,"No",0
"8606-OEGQZ","Female",50,"No","No",18,2,"No",0,1,0,"Occasional",24,25.3,"No",0
"6061-PQHMK","Female",50,"No","No",25,1,"No",0,1,0,"Occasional",12,19.9,"No",0
"5781-BKHOP","Female",40,"Yes","No",72,1,"No",3,2,1,"Occasional",24,100.65,"No",0
"4537-DKTAL","Female",52,"No","No",2,1,"DSL",0,2,0,"Occasional",1,45.55,"No",0
"5299-SJCZT","Male",39,"No","No",3,2,"Fiber optic",0,2,3,"Frequent",1,101.55,"Yes",0
"1763-WQFUK","Male",22,"No","No",3,1,"5G",0,3,0,"Occasional",1,50.5,"No",0
"0402-OAMEN","Female",57,"No","No",72,2,"No",0,1,0,"Occasional",24,24.45,"No",0
"9209-NWPGU","Male",20,"No","No",44,1,"DSL",1,3,1,"Occasional",12,65.4,"No",0
"6686-YPGHK","Male",82,"No","No",47,1,"Fiber optic",1,2,2,"Frequent",1,85.5,"Yes",0
"3823-KYNQY","Male",20,"No","No",12,2,"No",0,1,0,"Occasional",12,24.95,"No",0
"6171-ZTVYB","Male",50,"Yes","No",43,2,"DSL",3,3,0,"Occasional",1,66.25,"No",0
"8443-ZRDBZ","Male",25,"No","No",4,2,"Fiber optic",0,2,0,"Frequent",1,76.05,"Yes",0
"4632-XJMEX","Male",25,"No","Yes",53,1,"DSL",3,3,0,"Occasional",12,62.85,"No",0
"8393-JMVMB","Male",58,"No","No",1,1,"No",0,1,0,"Occasional",1,19.45,"No",0
"2378-YIZKA","Female",20,"Yes","Yes",68,1,"No",3,3,3,"Occasional",24,85,"No",0
"5655-JSMZM","Male",82,"No","No",49,2,"Fiber optic",0,2,3,"Frequent",1,96.2,"Yes",0
"0440-EKDCF","Male",49,"Yes","No",62,1,"DSL",2,3,0,"Occasional",24,60.15,"No",0
"5889-LFOLL","Female",44,"No","No",13,2,"Fiber optic",0,2,2,"Frequent",1,84.6,"Yes",0
"2514-GINMM","Male",32,"No","No",1,1,"5G",0,2,1,"Frequent",1,79.5,"Yes",0
"7951-QKZPL","Female",20,"Yes","Yes",33,2,"No",0,1,0,"Occasional",24,24.5,"Yes",0
"2725-IWWBA","Male",41,"Yes","Yes",46,1,"DSL",1,3,0,"Occasional",12,56.9,"No",0
"9347-AERRL","Male",58,"No","No",23,1,"No",0,1,0,"Occasional",12,19.3,"No",0
"5294-IMHHT","Male",20,"Yes","No",53,1,"No",2,3,2,"Occasional",12,97.75,"No",0
"1386-ZIKUV","Male",58,"No","No",7,1,"No",0,1,0,"Occasional",1,18.95,"No",0
"9780-FKVVF","Male",57,"No","No",6,1,"DSL",1,2,2,"Occasional",1,59.15,"No",0
"2362-IBOOY","Male",28,"No","No",36,2,"Fiber optic",0,2,2,"Frequent",1,84.75,"Yes",0
"0541-FITGH","Female",61,"No","No",2,1,"No",1,2,2,"Occasional",1,62.15,"No",0
"2178-PMGCJ","Male",42,"No","No",22,1,"5G",0,2,0,"Occasional",1,69.7,"No",0
"3727-RJMEO","Male",30,"Yes","No",6,2,"Fiber optic",0,2,1,"Frequent",1,82.85,"Yes",0
"0254-KCJGT","Male",20,"Yes","No",52,1,"No",3,3,2,"Occasional",12,81.4,"No",0
"0003-MKNFE","Male",51,"No","No",9,2,"DSL",0,2,2,"Occasional",1,59.9,"No",0
"7608-RGIRO","Male",35,"No","No",62,2,"No",0,1,0,"Occasional",24,24.4,"No",0
"8791-GFXLZ","Male",45,"No","No",12,1,"5G",2,2,0,"Occasional",1,49.05,"No",0
"6860-YRJZP","Male",89,"No","No",9,1,"No",0,2,0,"Occasional",1,74.05,"No",0
"4063-EIKNQ","Male",55,"No","No",11,1,"No",0,1,0,"Occasional",1,20.95,"No",0
"6141-OOXUQ","Male",21,"No","No",1,1,"No",0,1,0,"Occasional",1,19.65,"Yes",0
"5167-GBFRE","Male",65,"No","No",4,0,"DSL",0,2,0,"Frequent",1,25.2,"Yes",0
"7576-OYWBN","Male",66,"No","No",3,1,"No",0,2,0,"Frequent",1,76.05,"Yes",0
"8044-BGWPI","Male",63,"No","No",12,1,"No",0,1,0,"Occasional",1,21.15,"No",0
"0040-HALCW","Male",53,"No","No",54,1,"5G",0,1,0,"Occasional",24,20.4,"No",0
"6961-VCPMC","Male",79,"Yes","No",46,1,"Fiber optic",0,2,2,"Frequent",1,80.4,"Yes",0
"8563-IIOXK","Male",56,"Yes","Yes",7,1,"DSL",1,2,0,"Frequent",12,49.75,"Yes",0
"7979-CORPM","Male",19,"No","No",24,2,"DSL",2,2,1,"Frequent",1,90.55,"Yes",0
"6861-XWTWQ","Male",73,"Yes","No",7,1,"No",0,2,3,"Frequent",1,99.25,"Yes",0
"2931-XIQBR","Female",54,"Yes","Yes",50,1,"DSL",0,3,3,"Occasional",12,103.05,"No",0
"8510-BBWMU","Female",19,"No","No",41,1,"No",0,1,0,"Occasional",12,19.75,"No",0
"3387-VATUS","Male",64,"No","No",5,2,"No",0,2,3,"Frequent",1,94.85,"Yes",0
"5318-IXUZF","Female",53,"No","No",2,1,"5G",2,2,1,"Frequent",1,87.15,"Yes",0
"1303-SRDOK","Female",55,"No","No",55,1,"No",0,2,0,"Occasional",24,69.05,"No",0
"0960-HUWBM","Male",62,"Yes","Yes",65,1,"No",0,3,3,"Occasional",24,104.1,"No",0
"4884-TVUQF","Female",71,"No","No",57,2,"Fiber optic",1,3,2,"Occasional",24,101.3,"No",0
"3737-XBQDD","Male",38,"No","No",24,2,"5G",2,2,0,"Occasional",1,84.85,"No",0
"2027-FECZV","Male",22,"No","No",12,2,"DSL",2,2,3,"Frequent",1,106.7,"Yes",0
"2073-QBVBI","Female",65,"No","No",41,0,"DSL",2,3,0,"Occasional",12,35.45,"No",0
"9722-UJOJR","Male",28,"Yes","Yes",29,1,"No",0,2,0,"Frequent",1,70.75,"Yes",0
"8979-CAMGB","Male",83,"No","No",64,2,"Fiber optic",0,3,3,"Occasional",12,102.1,"No",0
"2519-LBNQL","Male",76,"Yes","No",60,2,"DSL",2,2,3,"Occasional",12,104.35,"No",0
"4897-QSUYC","Female",20,"No","No",1,1,"5G",0,1,0,"Occasional",1,20.15,"Yes",0
"4254-QPEDE","Female",23,"Yes","No",52,0,"DSL",3,3,3,"Occasional",24,66.25,"No",0
"4006-HKYHO","Male",47,"No","No",63,1,"DSL",3,3,3,"Occasional",24,86.7,"No",0
"7966-YOTQW","Male",47,"No","No",10,1,"No",1,2,0,"Occasional",1,54.5,"No",0
"6311-UEUME","Female",32,"No","No",29,1,"5G",0,2,1,"Frequent",1,78.9,"Yes",0
"5766-ZJYBB","Male",51,"No","No",1,1,"No",0,1,0,"Occasional",1,19.4,"Yes",0
"0870-VEMYL","Female",48,"No","No",5,1,"DSL",1,3,0,"Occasional",1,53.85,"Yes",0
"3540-RZJYU","Female",26,"No","No",15,1,"Fiber optic",1,2,1,"Frequent",1,86.2,"Yes",0
"0495-ZBNGW","Male",88,"Yes","No",5,2,"Fiber optic",0,2,0,"Frequent",1,79.9,"Yes",0
"9031-ZVQPT","Male",43,"Yes","No",72,2,"Fiber optic",2,3,3,"Occasional",24,108.2,"No",0
"4351-QLCSU","Female",59,"No","No",1,1,"DSL",0,2,1,"Frequent",1,55,"Yes",0
"6032-KRXXO","Male",35,"No","No",30,1,"5G",0,2,3,"Frequent",1,90.25,"Yes",0
"0596-BQCEQ","Female",49,"Yes","Yes",62,1,"No",2,2,3,"Frequent",1,100.15,"Yes",0
"8792-AOROI","Female",57,"Yes","No",8,1,"DSL",1,3,2,"Occasional",24,65.5,"No",0
"7503-ZGUZJ","Male",52,"No","No",1,2,"Fiber optic",0,2,1,"Occasional",1,84.65,"Yes",0
"7251-XFOIL","Female",41,"No","No",61,2,"Fiber optic",0,2,2,"Occasional",1,89.2,"No",0
"0363-SVHYR","Male",63,"Yes","Yes",71,2,"DSL",3,3,3,"Occasional",24,86.85,"No",0
"1373-ORVIZ","Female",51,"Yes","Yes",11,2,"5G",0,3,2,"Occasional",1,66.35,"Yes",0
"0363-QJVFX","Male",39,"No","No",32,2,"Fiber optic",3,3,3,"Occasional",1,108.15,"Yes",0
"2208-NKVVH","Male",63,"No","No",43,2,"No",0,1,0,"Occasional",24,24.25,"No",0
"8980-WQFWL","Female",40,"No","No",35,1,"DSL",0,2,2,"Occasional",1,62.1,"No",0
"0924-BJCRC","Female",77,"Yes","No",60,1,"No",2,2,2,"Occasional",1,89.45,"No",0
"1230-QAJDW","Male",48,"No","No",3,2,"DSL",0,3,1,"Occasional",1,65.25,"No",0
"4583-PARNH","Male",65,"Yes","No",16,1,"Fiber optic",0,3,2,"Occasional",1,91.55,"No",0
"2692-PFYTJ","Female",20,"No","No",1,2,"No",0,1,0,"Occasional",1,25.75,"No",0
"8663-UPDGF","Female",63,"No","No",26,1,"DSL",3,2,1,"Occasional",1,69.5,"No",0
"9586-JGQKH","Female",33,"Yes","No",64,2,"Fiber optic",2,3,3,"Occasional",24,105.4,"No",0
"7873-CVMAW","Male",37,"No","No",72,2,"5G",3,3,3,"Occasional",24,88.55,"No",0
"7471-MQPOS","Male",90,"Yes","Yes",71,2,"DSL",2,3,2,"Occasional",12,72.9,"No",0
"0654-PQKDW","Female",29,"Yes","Yes",62,1,"DSL",1,3,1,"Occasional",12,70.75,"No",0
"8630-FJLIB","Female",24,"No","No",18,1,"Fiber optic",0,2,0,"Occasional",1,69.8,"No",0
"7279-BUYWN","Female",80,"No","No",41,2,"5G",3,2,3,"Frequent",1,113.2,"Yes",0
"5136-KCKGI","Female",56,"Yes","Yes",33,2,"5G",1,2,3,"Frequent",12,103.7,"Yes",0
"9000-PLFUZ","Female",81,"Yes","No",60,0,"DSL",2,2,3,"Occasional",24,49.45,"No",0
"9968-FFVVH","Male",30,"No","No",63,2,"5G",3,3,0,"Occasional",12,68.8,"No",0
"6818-DJXAA","Female",60,"No","Yes",10,1,"No",0,3,1,"Occasional",1,91.1,"No",0
"5322-ZSMZY","Male",19,"Yes","Yes",31,1,"No",0,1,0,"Occasional",24,25.75,"No",0
"3038-PQIUY","Female",39,"No","No",38,2,"DSL",3,2,0,"Occasional",1,66.15,"No",0
"4726-DLWQN","Male",82,"No","No",50,2,"DSL",3,2,1,"Occasional",1,70.35,"No",0
"3401-URHDA","Male",44,"No","No",51,1,"DSL",1,3,0,"Occasional",12,59.9,"No",0
"8100-HZZLJ","Female",24,"No","Yes",43,1,"5G",3,2,2,"Occasional",1,63.95,"No",0
"7354-OIJLX","Male",54,"No","No",9,2,"Fiber optic",0,2,0,"Occasional",1,75.85,"No",0
"3565-UNOCC","Female",76,"Yes","No",29,2,"Fiber optic",0,2,3,"Frequent",1,99.05,"Yes",0
"8735-SDUFN","Female",84,"Yes","No",72,1,"No",0,1,0,"Occasional",24,24.3,"No",0
"4074-SJFFA","Female",58,"No","No",1,1,"No",0,2,2,"Frequent",1,54.75,"Yes",0
"0697-ZMSWS","Male",52,"No","No",4,1,"No",0,2,2,"Frequent",1,85.65,"Yes",0
"4701-LKOZD","Female",61,"No","No",70,2,"DSL",3,3,3,"Occasional",24,89.75,"No",0
"4652-ODEVH","Male",20,"Yes","Yes",45,2,"5G",0,1,0,"Occasional",24,24.45,"No",0
"1792-UXAFY","Female",83,"No","No",17,1,"Fiber optic",2,2,1,"Frequent",1,89.15,"Yes",0
"1436-ZMJAN","Female",37,"Yes","No",10,1,"DSL",0,2,3,"Occasional",1,67.8,"No",0
"8915-NNTRC","Male",44,"Yes","Yes",72,2,"Fiber optic",3,3,3,"Occasional",24,107.7,"No",0
"2873-ZLIWT","Female",41,"Yes","Yes",40,2,"Fiber optic",0,3,0,"Occasional",1,84.85,"Yes",0
"0404-AHASP","Male",20,"Yes","No",72,1,"DSL",0,1,0,"Occasional",24,19.7,"No",0
"5871-DGTXZ","Male",35,"No","No",32,1,"No",0,1,0,"Occasional",12,19.8,"No",0
"5570-PTWEH","Female",26,"Yes","No",3,2,"Fiber optic",0,2,0,"Occasional",1,75.15,"Yes",0
"8212-CRQXP","Female",40,"Yes","No",22,1,"Fiber optic",0,2,1,"Occasional",1,80,"No",0
"9693-XMUOB","Male",74,"Yes","No",59,0,"DSL",2,2,3,"Occasional",1,50.25,"No",0
"7452-FOLON","Male",65,"No","No",39,2,"No",0,1,0,"Occasional",12,25.45,"No",0
"2800-QQUSO","Male",25,"No","No",42,2,"Fiber optic",0,3,3,"Occasional",1,100.3,"No",0
"1941-HOSAM","Male",59,"Yes","Yes",1,1,"Fiber optic",0,2,3,"Occasional",1,90.1,"No",0
"1821-BUCWY","Male",60,"No","No",30,2,"No",1,2,0,"Occasional",24,55.65,"No",0
"9633-XQABV","Female",49,"No","No",3,1,"Fiber optic",0,2,0,"Occasional",1,70.25,"No",0
"8631-WUXGY","Female",64,"No","Yes",46,1,"Fiber optic",2,2,3,"Occasional",1,99.8,"No",0
"2668-TZSPS","Male",63,"No","No",1,1,"No",0,1,0,"Occasional",1,20.45,"No",0
"8076-FEZKJ","Male",36,"No","No",10,1,"5G",0,1,0,"Occasional",12,19.5,"No",0
"8234-GSZYK","Male",20,"No","No",43,1,"No",0,1,0,"Occasional",24,26.45,"No",0
"2209-XADXF","Female",21,"No","No",1,1,"No",0,2,0,"Occasional",1,25.25,"No",0
"2226-ICFDO","Female",63,"Yes","Yes",72,2,"5G",1,3,3,"Occasional",24,85.9,"No",0
"4079-VTGLK","Male",85,"Yes","No",30,2,"DSL",0,2,3,"Occasional",24,74.85,"No",0
"3070-FNFZQ","Female",47,"No","No",23,1,"5G",0,1,0,"Occasional",24,20.4,"No",0
"3639-XJHKQ","Female",44,"No","Yes",19,1,"DSL",3,2,0,"Occasional",1,60.6,"No",0
"0117-LFRMW","Male",50,"Yes","Yes",37,0,"DSL",3,2,0,"Frequent",1,40.2,"Yes",0
"6345-HOVES","Male",22,"No","No",34,0,"DSL",0,2,0,"Occasional",1,25.05,"No",0
"5171-EPLKN","Male",47,"No","No",27,1,"No",0,1,0,"Occasional",24,19.85,"No",0
"4881-GQJTW","Male",39,"No","No",14,1,"5G",0,1,0,"Occasional",1,19.6,"No",0
"1052-QJIBV","Female",61,"No","No",71,1,"No",0,1,0,"Occasional",24,19.9,"No",0
"4749-VFKVB","Female",28,"No","No",1,1,"No",0,2,0,"Frequent",1,50.1,"Yes",0
"7853-WNZSY","Male",20,"No","No",1,1,"No",0,1,0,"Occasional",1,19.75,"No",0
"3209-ZPKFI","Male",45,"Yes","Yes",47,2,"DSL",2,2,0,"Occasional",1,54.25,"No",0
"6900-RBKER","Male",54,"No","No",52,2,"5G",0,2,2,"Occasional",24,89.45,"No",0
"1401-FTHFQ","Male",20,"Yes","Yes",23,1,"No",0,1,0,"Occasional",12,20,"No",0
"5399-ZIMKF","Male",64,"No","No",5,1,"Fiber optic",2,2,0,"Occasional",1,74.65,"No",0
"1212-GLHMD","Male",37,"No","No",3,1,"No",1,2,2,"Occasional",1,86.05,"No",0
"0506-YLVKJ","Male",40,"No","No",46,1,"No",0,1,0,"Occasional",24,20.2,"No",0
"7815-PDTHL","Male",61,"No","No",35,1,"No",0,1,0,"Occasional",24,20.2,"No",0
"2834-JKOOW","Female",48,"No","No",15,0,"DSL",3,3,0,"Occasional",12,45.9,"No",0
"8268-YDIXR","Male",38,"Yes","No",56,2,"5G",3,2,0,"Occasional",12,93.15,"No",0
"3059-NGMXB","Male",28,"Yes","Yes",14,2,"DSL",3,2,2,"Occasional",1,69.2,"No",0
"0406-BPDVR","Female",89,"Yes","No",54,2,"Fiber optic",2,2,3,"Frequent",12,101.5,"Yes",0
"6457-GIRWB","Male",61,"No","No",1,1,"Fiber optic",0,2,0,"Occasional",1,69.35,"Yes",0
"7739-LAXOG","Female",55,"Yes","Yes",32,2,"Fiber optic",0,2,2,"Frequent",1,91.05,"Yes",0
"8143-ETQTI","Female",41,"No","No",23,1,"No",0,1,0,"Occasional",24,19.65,"No",0
"3629-ZNKXA","Male",86,"No","No",17,2,"No",2,2,3,"Occasional",1,101.8,"No",0
"6518-KZXCB","Male",58,"No","No",22,2,"5G",0,1,0,"Occasional",24,25.25,"No",0
"4776-XSKYQ","Female",51,"No","No",12,0,"DSL",0,3,0,"Occasional",12,30.25,"No",0
"8231-BSWXX","Male",21,"No","No",71,2,"5G",2,2,0,"Occasional",12,79.05,"No",0
"2419-FSORS","Male",28,"Yes","No",72,2,"Fiber optic",2,3,3,"Occasional",24,108.4,"No",0
"4923-ADWXJ","Female",27,"No","No",25,1,"DSL",2,3,2,"Occasional",1,65.8,"No",0
"7733-UDMTP","Female",76,"No","No",57,0,"DSL",2,2,3,"Occasional",1,55,"No",0
"4860-YZGZM","Male",22,"No","No",10,1,"No",0,1,0,"Occasional",1,20,"No",0
"3963-RYFNS","Female",19,"No","No",72,2,"5G",3,3,3,"Occasional",24,116.45,"No",0
"0815-MFZGM","Female",53,"Yes","No",42,1,"No",0,3,3,"Occasional",24,99,"No",0
"0230-UBYPQ","Male",43,"No","No",63,0,"DSL",1,3,0,"Occasional",12,36.1,"No",0
"1591-NFNLQ","Male",27,"No","No",51,1,"No",0,2,0,"Frequent",1,80,"Yes",0
"7446-YPODE","Male",90,"No","No",11,2,"DSL",3,2,0,"Occasional",1,60.25,"No",0
"7253-UVNDW","Female",58,"No","No",46,1,"DSL",0,3,0,"Occasional",24,54.35,"Yes",0
"2905-KFQUV","Female",56,"Yes","No",2,1,"Fiber optic",0,2,0,"Occasional",1,70.4,"No",0
"9114-VEPUF","Male",36,"Yes","No",62,2,"Fiber optic",3,2,2,"Occasional",12,96.1,"No",0
"2978-XXSOG","Female",59,"No","No",22,2,"DSL",1,3,0,"Occasional",1,59.05,"No",0
"9626-VFRGG","Female",37,"No","Yes",41,1,"No",2,2,1,"Occasional",1,88.5,"No",0
"7243-LCGGZ","Female",48,"No","No",1,1,"5G",0,1,0,"Occasional",1,20.9,"No",0
"3896-ZVNET","Female",35,"No","No",24,1,"No",0,1,0,"Occasional",24,24.7,"No",0
"5242-UOWHD","Male",38,"No","No",45,1,"DSL",0,1,0,"Occasional",24,20.35,"No",0
"6143-JQKEA","Male",59,"No","No",10,1,"DSL",0,2,0,"Occasional",1,45.8,"No",0
"7615-ESMYF","Female",36,"Yes","No",2,0,"5G",0,2,3,"Frequent",1,44.6,"Yes",0
"4316-XCSLJ","Male",47,"No","No",17,1,"DSL",1,2,0,"Occasional",1,50.3,"No",0
"7771-CFQRQ","Female",59,"Yes","Yes",47,1,"DSL",2,3,2,"Occasional",24,63.8,"No",0
"7601-DHFWZ","Female",52,"No","No",48,2,"No",0,1,0,"Occasional",24,24,"No",0
"9933-QRGTX","Female",48,"Yes","No",60,1,"Fiber optic",1,3,3,"Occasional",24,97.2,"No",0
"6897-RWMUB","Male",21,"Yes","Yes",61,1,"DSL",3,3,0,"Occasional",24,68.05,"No",0
"4558-CGYCZ","Male",57,"No","No",4,1,"No",0,1,0,"Occasional",1,19.75,"No",0
"6473-ULUHT","Male",30,"Yes","Yes",16,2,"DSL",3,3,3,"Occasional",1,84.9,"No",0
"7594-LZNWR","Male",78,"No","No",34,1,"Fiber optic",0,2,0,"Occasional",1,69.15,"No",0
"3161-ONRWK","Male",23,"Yes","Yes",60,1,"DSL",3,3,0,"Occasional",12,65.85,"No",0
"3452-ABWRL","Male",68,"No","No",47,2,"5G",0,2,1,"Occasional",1,86.05,"No",0
"4657-FWVFY","Female",60,"No","No",40,2,"Fiber optic",2,2,1,"Occasional",1,96.35,"No",0
"3569-JFODW","Female",32,"Yes","Yes",72,2,"DSL",3,3,3,"Occasional",24,90.95,"No",0
"7196-LIWRH","Female",21,"No","No",6,1,"No",0,1,0,"Occasional",24,19.55,"No",0
"5889-JTMUL","Female",84,"Yes","No",50,2,"Fiber optic",2,2,1,"Frequent",1,95.05,"Yes",0
"3249-ZPQRG","Male",55,"No","No",4,2,"DSL",2,2,0,"Frequent",1,78.45,"Yes",0
"8999-XXGNS","Female",77,"Yes","No",72,2,"Fiber optic",2,2,3,"Occasional",12,105.75,"No",0
"5067-WJEUN","Male",44,"Yes","Yes",67,1,"5G",3,2,0,"Occasional",24,54.2,"No",0
"9555-SAHUZ","Female",39,"Yes","Yes",38,1,"DSL",3,2,0,"Occasional",1,54.5,"No",0
"5944-UGLLK","Male",31,"No","No",53,0,"DSL",0,3,3,"Occasional",12,54.9,"No",0
"8639-NHQEI","Female",56,"No","No",72,2,"Fiber optic",3,2,1,"Occasional",24,95.9,"No",0
"3197-NNYNB","Male",39,"No","No",65,2,"Fiber optic",2,2,3,"Occasional",24,105.1,"No",0
"8069-RHUXK","Female",55,"No","No",67,0,"5G",1,3,0,"Occasional",24,35.7,"No",0
"2660-EMUBI","Male",66,"No","No",10,2,"5G",0,2,3,"Frequent",1,95.35,"Yes",0
"1548-FEHVL","Male",49,"Yes","No",61,2,"Fiber optic",3,2,3,"Occasional",1,106.2,"No",0
"0895-UADGO","Male",61,"No","Yes",8,0,"5G",1,3,2,"Occasional",24,44.55,"No",0
"6609-MXJHJ","Female",22,"Yes","Yes",30,2,"No",0,1,0,"Occasional",24,25.1,"No",0
"4188-FRABG","Male",22,"Yes","No",57,2,"Fiber optic",3,3,1,"Occasional",1,103.05,"No",0
"1791-PQHBB","Female",55,"No","Yes",2,1,"DSL",1,2,2,"Occasional",1,61.2,"No",0
"1298-PHBTI","Male",19,"Yes","Yes",71,2,"DSL",2,3,0,"Occasional",24,84.8,"No",0
"2482-CZGBB","Male",42,"No","No",10,1,"5G",0,2,0,"Frequent",1,70,"Yes",0
"5151-HQRDG","Male",39,"Yes","No",37,1,"No",1,2,0,"Occasional",1,55.05,"No",0
"8319-QBEHW","Male",55,"No","No",26,0,"DSL",2,2,1,"Occasional",12,39.95,"No",0
"2220-IAHLS","Female",19,"No","No",1,1,"No",0,1,0,"Occasional",1,19.4,"No",0
"3308-DGHKL","Male",19,"No","No",69,1,"No",0,1,0,"Occasional",24,19.3,"No",0
"5989-OMNJE","Female",62,"Yes","Yes",24,0,"5G",3,2,3,"Occasional",12,57.6,"No",0
"0096-BXERS","Female",41,"Yes","No",6,2,"DSL",0,2,0,"Occasional",1,50.35,"No",0
"7905-NJMXS","Male",89,"Yes","No",7,2,"5G",3,3,0,"Occasional",1,64.2,"No",0
"1357-MVDOZ","Male",64,"Yes","Yes",11,2,"No",0,2,1,"Occasional",1,59.65,"No",0
"0420-TXVSG","Male",40,"Yes","No",66,2,"DSL",3,2,0,"Occasional",24,66.1,"No",0
"2272-UOINI","Female",20,"No","No",7,1,"5G",3,3,3,"Occasional",1,78.5,"No",0
"9626-WEQRM","Female",21,"No","No",4,0,"DSL",1,2,0,"Occasional",1,29.15,"No",0
"0928-XUTSN","Female",44,"No","No",13,1,"Fiber optic",0,2,2,"Occasional",1,80.5,"No",0
"9526-BIHHD","Male",53,"No","No",1,0,"DSL",1,2,0,"Frequent",1,29.7,"Yes",0
"3315-TOTBP","Male",25,"No","No",15,2,"Fiber optic",0,2,0,"Frequent",1,76,"Yes",0
"9819-FBNSV","Male",86,"Yes","No",37,1,"Fiber optic",0,2,0,"Occasional",1,72.25,"No",0
"8763-KIAFH","Female",35,"No","No",27,1,"5G",0,1,0,"Occasional",12,20.55,"No",0
"5802-ADBRC","Female",31,"Yes","No",50,2,"5G",1,2,3,"Occasional",12,104.4,"No",0
"3200-MNQTF","Male",46,"Yes","No",67,1,"No",3,3,0,"Occasional",24,70.9,"No",0
"2575-GFSOE","Female",60,"Yes","Yes",7,1,"Fiber optic",0,2,0,"Frequent",1,69,"Yes",0
"2223-GDSHL","Male",29,"Yes","Yes",71,2,"Fiber optic",3,3,3,"Occasional",24,116.05,"No",0
"8946-BFWSG","Male",50,"No","No",63,2,"No",0,1,0,"Occasional",24,25.25,"No",0
"7450-NWRTR","Male",73,"No","No",12,2,"Fiber optic",0,2,3,"Frequent",1,99.45,"Yes",0
"0816-TSPHQ","Male",37,"No","No",2,1,"No",0,1,0,"Occasional",1,20.75,"No",0
"2485-ITVKB","Female",63,"No","No",2,0,"DSL",0,2,2,"Frequent",1,35.1,"Yes",0
"8327-LZKAS","Female",66,"Yes","No",43,2,"Fiber optic",0,3,3,"Occasional",12,107.55,"Yes",0
"1849-RJYIG","Female",21,"No","No",8,1,"No",1,2,1,"Occasional",1,60,"No",0
"2167-FQSTQ","Female",61,"Yes","No",72,2,"DSL",3,3,3,"Occasional",24,92.4,"No",0
"1977-STDKI","Female",70,"No","No",1,1,"Fiber optic",2,2,0,"Frequent",1,73,"Yes",0
"9327-QSDED","Male",49,"No","No",8,1,"5G",0,2,0,"Occasional",1,43.55,"No",0
"4999-IEZLT","Male",20,"No","No",66,0,"5G",0,3,0,"Occasional",12,29.45,"No",0
"0269-XFESX","Male",59,"No","No",23,2,"No",0,1,0,"Occasional",12,24.35,"No",0
"4423-JWZJN","Male",44,"Yes","Yes",64,2,"Fiber optic",0,2,2,"Occasional",12,90.25,"No",0
"7605-SNLQG","Female",46,"No","No",45,1,"DSL",0,2,0,"Occasional",1,50.25,"No",0
"2397-BRLOM","Male",80,"Yes","Yes",8,1,"No",0,2,1,"Frequent",1,80.45,"Yes",0
"3521-HTQTV","Male",20,"No","No",34,2,"DSL",0,1,0,"Occasional",24,26.1,"No",0
"7977-HXJKU","Male",42,"No","No",21,1,"No",0,1,0,"Occasional",24,19.6,"No",0
"1465-VINDH","Female",43,"Yes","Yes",10,2,"Fiber optic",2,2,3,"Frequent",1,102.1,"Yes",0
"9625-QNLUX","Male",55,"Yes","Yes",68,1,"Fiber optic",3,2,3,"Occasional",24,103.25,"No",0
"4700-UBQMV","Male",32,"Yes","Yes",21,2,"DSL",1,2,3,"Occasional",12,75.9,"No",0
"2176-OSJUV","Male",25,"Yes","No",71,2,"DSL",3,3,0,"Occasional",24,65.15,"No",0
"1583-IHQZE","Male",51,"No","No",12,2,"5G",2,3,3,"Occasional",1,112.95,"Yes",0
"3961-SXAXY","Male",51,"No","No",1,1,"5G",0,2,0,"Occasional",1,44.05,"No",0
"7610-TVOPG","Male",20,"No","No",15,1,"No",0,1,0,"Occasional",1,26.35,"No",0
"2683-BPJSO","Male",29,"Yes","No",29,2,"Fiber optic",3,2,0,"Frequent",1,84.45,"Yes",0
"6114-TCFID","Female",47,"No","No",29,0,"5G",3,3,0,"Occasional",12,39.5,"No",0
"5536-SLHPM","Female",49,"Yes","No",55,2,"Fiber optic",0,2,0,"Frequent",1,77.75,"Yes",0
"6121-VZNQB","Female",62,"No","No",1,1,"No",0,1,0,"Occasional",1,19.1,"Yes",0
"4524-QCSSM","Male",19,"No","No",26,0,"5G",3,2,2,"Occasional",1,44.65,"No",0
"7011-CVEUC","Male",25,"Yes","No",25,1,"Fiber optic",0,3,3,"Occasional",1,95.7,"No",0
"9546-CQJSU","Female",43,"No","No",2,2,"DSL",0,2,1,"Frequent",1,91.4,"Yes",0
"4484-CGXFK","Female",22,"No","No",3,1,"No",0,2,2,"Frequent",1,55.3,"Yes",0
"9435-JMLSX","Male",43,"Yes","No",71,1,"No",3,3,3,"Occasional",24,86.1,"No",0
"5562-BETPV","Male",47,"No","No",1,1,"5G",0,1,0,"Occasional",12,19.65,"No",0
"3716-LRGXK","Male",55,"Yes","No",60,2,"Fiber optic",0,2,3,"Occasional",24,101.15,"No",0
"0106-GHRQR","Male",58,"No","No",16,2,"5G",2,2,2,"Occasional",1,71.4,"No",0
"4430-YHXGG","Female",62,"No","No",4,2,"No",0,1,0,"Occasional",1,25.45,"No",0
"4391-RESHN","Male",46,"No","No",23,2,"Fiber optic",0,3,3,"Occasional",1,104.05,"Yes",0
"2988-GBIVW","Female",70,"Yes","No",70,2,"Fiber optic",1,2,2,"Occasional",1,90.85,"No",0
"6925-BAYGL","Female",19,"Yes","No",53,2,"No",0,1,0,"Occasional",24,25.1,"No",0
"5692-FPTAH","Female",47,"No","No",1,1,"DSL",0,2,0,"Frequent",1,45.4,"Yes",0
"2894-QOJRX","Female",56,"No","No",25,0,"DSL",0,2,1,"Frequent",1,34,"Yes",0
"7270-BDIOA","Female",41,"No","No",22,2,"Fiber optic",0,3,1,"Occasional",1,90,"Yes",0
"3096-JRDSO","Female",87,"Yes","No",27,2,"Fiber optic",1,3,3,"Occasional",1,104.3,"Yes",0
"0582-AVCLN","Female",44,"No","No",38,1,"No",0,1,0,"Occasional",24,20.3,"No",0
"1676-MQAOA","Male",38,"No","No",72,1,"DSL",3,3,1,"Occasional",24,75.1,"No",0
"5293-WXJAK","Female",80,"Yes","No",11,2,"5G",0,3,3,"Occasional",1,104.05,"Yes",0
"1150-WFARN","Female",29,"Yes","Yes",67,2,"Fiber optic",1,3,3,"Occasional",24,108.75,"Yes",0
"1439-LCGVL","Female",20,"Yes","No",26,1,"No",0,1,0,"Occasional",12,19.2,"No",0
"4759-PXTAN","Female",53,"Yes","No",59,2,"DSL",2,3,3,"Occasional",12,80.1,"No",0
"2869-ADAWR","Female",49,"No","No",45,2,"Fiber optic",2,2,1,"Frequent",1,89.3,"Yes",0
"7271-AJDTL","Female",46,"Yes","No",55,1,"No",2,2,1,"Occasional",1,94.45,"No",0
"9932-WBWIK","Male",20,"No","No",11,1,"No",0,1,0,"Occasional",1,20.35,"No",0
"4566-QVRRW","Female",46,"Yes","No",11,1,"5G",0,2,0,"Frequent",1,44.05,"Yes",0
"5136-RGMZO","Male",49,"No","No",31,2,"5G",2,3,1,"Occasional",1,71.05,"No",0
"2831-EBWRN","Male",42,"No","No",4,1,"DSL",0,2,0,"Occasional",1,45.9,"No",0
"7551-JOHTI","Female",52,"No","No",1,1,"5G",0,1,0,"Occasional",1,19.5,"Yes",0
"0883-EIBTI","Female",63,"No","No",2,1,"No",0,1,0,"Occasional",1,19.5,"Yes",0
"6953-PBDIN","Male",30,"Yes","No",70,2,"DSL",2,3,1,"Occasional",24,72.95,"No",0
"1409-PHXTF","Male",85,"Yes","No",54,2,"Fiber optic",2,3,3,"Occasional",24,110.45,"No",0
"2408-WITXK","Female",80,"No","No",10,1,"No",0,2,2,"Frequent",1,34.7,"Yes",0
"2626-URJFX","Male",29,"Yes","Yes",4,2,"DSL",0,2,0,"Frequent",1,50.9,"Yes",0
"6625-UTXEW","Female",44,"Yes","No",12,1,"5G",2,2,0,"Occasional",1,51.25,"No",0
"0906-QVPMS","Male",34,"Yes","No",72,2,"Fiber optic",3,3,3,"Occasional",24,115.15,"No",0
"4086-ATNFV","Female",61,"Yes","Yes",34,1,"No",3,2,0,"Occasional",12,60.8,"No",0
"0639-TSIQW","Female",59,"No","No",67,2,"Fiber optic",3,2,1,"Occasional",1,102.95,"Yes",0
"4422-QVIJA","Female",41,"No","Yes",35,2,"5G",0,2,0,"Occasional",1,50.15,"No",0
"2957-JIRMN","Female",71,"No","No",62,2,"Fiber optic",0,2,1,"Occasional",12,84.45,"No",0
"2619-WFQWU","Female",21,"No","No",1,1,"Fiber optic",0,2,0,"Frequent",1,70.15,"Yes",0
"5014-WUQMG","Male",52,"Yes","Yes",47,1,"5G",3,2,2,"Occasional",12,96.1,"No",0
"4232-JGKIY","Male",21,"No","No",1,1,"No",0,1,0,"Occasional",1,19.2,"No",0
"5639-NTUPK","Male",64,"No","Yes",13,1,"No",1,2,0,"Occasional",1,52.1,"No",0
"4712-AUQZO","Male",44,"No","No",18,0,"DSL",1,2,0,"Occasional",1,33.6,"No",0
"0853-TWRVK","Male",61,"Yes","No",72,2,"Fiber optic",3,3,2,"Occasional",24,105.6,"No",0
"1493-AMTIE","Male",44,"No","No",1,1,"No",0,1,0,"Occasional",1,20.2,"Yes",0
"0311-QYWSS","Female",19,"No","No",6,1,"DSL",1,2,0,"Occasional",1,49.45,"No",0
"7623-HKYRK","Male",21,"No","Yes",6,1,"5G",0,1,0,"Occasional",1,19.7,"No",0
"3620-EHIMZ","Female",22,"Yes","Yes",52,1,"No",0,1,0,"Occasional",24,19.35,"No",0
"5396-IZEPB","Male",55,"No","No",9,1,"No",0,1,0,"Occasional",1,19.7,"No",0
"2507-QZPQS","Male",44,"No","No",15,2,"Fiber optic",2,3,2,"Occasional",1,95.7,"No",0
"2904-GGUAZ","Female",20,"Yes","No",72,2,"Fiber optic",3,2,0,"Occasional",24,84.05,"No",0
"4163-KIUHY","Male",55,"No","No",35,2,"5G",0,1,0,"Occasional",1,25.6,"No",0
"9350-VLHMB","Male",33,"Yes","Yes",67,2,"5G",2,2,2,"Occasional",1,89.55,"No",0
"8566-YPRGL","Female",43,"No","No",1,1,"No",0,1,0,"Occasional",1,19.5,"No",0
"1564-HJUVY","Male",22,"No","No",4,1,"No",2,3,1,"Occasional",1,63.75,"No",0
"6418-HNFED","Male",32,"Yes","No",51,1,"DSL",3,3,3,"Occasional",24,83.25,"No",0
"4826-DXMUP","Male",60,"No","Yes",35,1,"No",0,3,3,"Occasional",12,72.1,"No",0
"4945-RVMTE","Female",20,"No","No",28,1,"DSL",0,2,1,"Occasional",1,59.55,"No",0
"5955-ERIHD","Male",54,"Yes","No",18,1,"No",0,2,3,"Frequent",1,94.7,"Yes",0
"2589-AYCRP","Female",38,"No","No",50,1,"No",0,1,0,"Occasional",12,19.75,"No",0
"7375-WMVMT","Male",85,"Yes","No",71,1,"5G",2,3,2,"Occasional",24,95.5,"No",0
"0495-RVCBF","Female",19,"No","No",1,1,"DSL",0,2,2,"Frequent",1,79.7,"Yes",0
"6518-PPLMZ","Male",65,"No","No",53,1,"DSL",0,1,0,"Occasional",24,19.4,"No",0
"4658-HCOHW","Female",63,"Yes","Yes",21,1,"Fiber optic",2,3,3,"Occasional",1,102.8,"Yes",0
"0723-FDLAY","Male",24,"No","No",44,2,"DSL",2,3,3,"Occasional",12,85.25,"No",0
"6131-FOYAS","Male",27,"No","No",35,2,"No",1,2,0,"Occasional",1,59.6,"No",0
"2138-VFAPZ","Female",52,"No","No",14,1,"No",0,1,0,"Occasional",24,19.7,"No",0
"9465-RWMXL","Male",35,"Yes","No",32,2,"Fiber optic",0,2,0,"Frequent",1,78.9,"Yes",0
"5074-FBGHB","Male",61,"No","No",64,1,"No",0,3,3,"Occasional",12,104.65,"No",0
"0178-CIIKR","Female",20,"No","No",3,1,"No",0,1,0,"Occasional",1,19.95,"No",0
"1335-HQMKX","Female",22,"Yes","No",72,1,"No",2,2,3,"Occasional",12,101.35,"No",0
"8219-VYBVI","Male",45,"No","No",39,2,"No",0,1,0,"Occasional",24,25,"No",0
"5566-SOEZD","Male",43,"Yes","Yes",27,1,"Fiber optic",3,2,0,"Occasional",12,80.65,"No",0
"2077-MPJQO","Male",88,"Yes","No",7,2,"Fiber optic",0,2,0,"Occasional",1,75.4,"No",0
"2519-FAKOD","Male",27,"No","Yes",38,1,"No",0,2,3,"Frequent",1,99.25,"Yes",0
"9537-JALFH","Male",20,"Yes","Yes",69,1,"No",0,1,0,"Occasional",24,19.9,"No",0
"5893-KCLGT","Female",39,"No","No",72,1,"No",0,1,0,"Occasional",24,19.75,"No",0
"0520-FDVVT","Male",47,"No","No",35,1,"Fiber optic",2,2,3,"Frequent",12,102.35,"Yes",0
"7377-DMMRI","Male",61,"No","No",2,1,"5G",1,2,0,"Frequent",1,47.8,"Yes",0
"2931-VUVJN","Female",88,"Yes","No",59,2,"5G",3,3,0,"Occasional",12,94.05,"No",0
"2959-FENLU","Female",45,"No","No",9,1,"Fiber optic",0,2,2,"Occasional",1,85.3,"No",0
"3177-LASXD","Female",28,"No","No",1,1,"5G",0,2,0,"Frequent",1,71.35,"Yes",0
"5989-PGKJB","Female",23,"No","No",16,1,"DSL",2,2,2,"Occasional",1,86.25,"No",0
"4803-AXVYP","Female",84,"No","No",38,1,"No",0,3,3,"Occasional",1,99.55,"Yes",0
"6340-DACFT","Female",21,"Yes","Yes",50,1,"No",0,1,0,"Occasional",24,20.55,"No",0
"3996-ZNWYK","Male",49,"No","No",71,1,"No",0,1,0,"Occasional",24,19.8,"No",0
"0135-NMXAP","Female",38,"No","No",12,2,"5G",2,2,1,"Frequent",1,89.75,"Yes",0
"0428-IKYCP","Male",45,"Yes","No",22,1,"No",0,2,1,"Occasional",1,87,"No",0
"6502-HCJTI","Male",69,"Yes","No",7,2,"Fiber optic",3,2,2,"Frequent",1,94.7,"Yes",0
"7184-LRUUR","Female",53,"No","No",22,1,"DSL",2,2,1,"Occasional",12,65.25,"No",0
"6100-QQHEB","Male",53,"Yes","Yes",17,1,"No",0,2,3,"Frequent",1,92.55,"Yes",0
"2188-SXWVT","Female",38,"No","No",34,1,"DSL",3,2,0,"Occasional",12,55,"No",0
"6838-HVLXG","Female",20,"No","No",12,1,"No",0,1,0,"Occasional",1,20.3,"No",0
"0895-DQHEW","Male",42,"Yes","No",54,1,"No",2,2,3,"Frequent",1,104.3,"Yes",0
"5561-NWEVX","Female",65,"Yes","No",2,2,"Fiber optic",0,2,0,"Frequent",1,79.2,"Yes",0
"6615-NGGZJ","Male",53,"No","No",14,2,"Fiber optic",2,2,3,"Frequent",1,100.55,"Yes",0
"2680-XKKNJ","Female",28,"No","No",8,1,"DSL",3,3,0,"Occasional",12,58.2,"No",0
"3518-FSTWG","Male",87,"Yes","No",72,2,"Fiber optic",3,2,3,"Occasional",24,109.55,"No",0
"8337-UPOAQ","Male",78,"Yes","No",10,2,"Fiber optic",0,2,2,"Frequent",1,89.8,"Yes",0
"1488-SYSFC","Male",19,"Yes","Yes",31,1,"No",0,1,0,"Occasional",1,20.65,"No",0
"2770-NSVDG","Male",20,"Yes","No",24,1,"No",0,2,0,"Occasional",1,29.1,"No",0
"0519-DRGTI","Female",19,"Yes","Yes",20,1,"No",0,1,0,"Occasional",1,20.35,"No",0
"5419-KLXBN","Female",37,"Yes","Yes",25,1,"5G",2,2,1,"Frequent",1,89.15,"Yes",0
"5384-ZTTWP","Female",39,"No","No",15,1,"No",0,1,0,"Occasional",1,19.8,"No",0
"4367-NUYAO","Male",54,"No","No",0,2,"5G",0,1,0,"Occasional",24,25.75,"No",0
"6685-XSHHU","Male",21,"Yes","Yes",60,1,"No",0,1,0,"Occasional",24,20.95,"No",0
"7515-LODFU","Male",57,"No","No",69,1,"No",0,1,0,"Occasional",24,20.3,"No",0
"0947-IDHRQ","Female",19,"No","No",7,1,"Fiber optic",0,2,1,"Frequent",1,80.3,"Yes",0
"4455-BFSPD","Female",62,"Yes","No",61,1,"No",0,3,3,"Occasional",12,101.15,"No",0
"8496-DMZUK","Male",47,"No","No",30,2,"5G",3,2,0,"Occasional",12,90.4,"No",0
"5236-PERKL","Female",49,"No","No",57,1,"No",3,2,3,"Frequent",24,112.95,"Yes",0
"8123-QBNAZ","Female",57,"Yes","Yes",36,1,"No",1,2,3,"Occasional",1,104.5,"No",0
"1228-FZFRV","Male",36,"Yes","Yes",50,2,"5G",1,2,3,"Frequent",1,105.95,"Yes",0
"9912-OMZDS","Female",51,"Yes","Yes",59,2,"Fiber optic",2,2,3,"Occasional",12,106.15,"No",0
"5153-RTHKF","Female",38,"No","No",34,2,"5G",0,2,1,"Occasional",1,85.35,"No",0
"6726-NNFWD","Female",75,"Yes","No",71,1,"Fiber optic",2,2,2,"Occasional",24,89.45,"No",0
"4154-AQUGT","Male",90,"Yes","No",13,1,"5G",2,3,2,"Occasional",1,89.05,"Yes",0
"3336-JORSO","Female",83,"No","No",33,1,"No",2,3,3,"Occasional",1,110.45,"Yes",0
"9823-EALYC","Male",25,"Yes","Yes",72,2,"DSL",3,3,1,"Occasional",24,80.85,"No",0
"0484-FFVBJ","Male",60,"No","No",32,1,"No",0,2,3,"Occasional",12,64.85,"No",0
"6479-VDGRK","Female",28,"Yes","Yes",72,1,"DSL",3,3,3,"Occasional",24,85.3,"No",0
"1093-YSWCA","Male",62,"No","No",11,1,"No",0,1,0,"Occasional",24,19.55,"No",0
"8800-JOOCF","Female",24,"No","Yes",12,2,"Fiber optic",0,2,1,"Occasional",1,84.05,"No",0
"2642-DTVCO","Male",78,"No","No",9,2,"Fiber optic",0,2,2,"Frequent",1,85.05,"Yes",0
"8464-EETCQ","Male",20,"No","No",57,1,"No",0,1,0,"Occasional",24,18.8,"No",0
"6164-HXUGH","Female",56,"No","No",6,1,"No",0,1,0,"Occasional",1,19.85,"No",0
"3556-BVQGL","Female",22,"Yes","No",20,1,"No",0,1,0,"Occasional",12,20,"No",0
"7996-BPXHY","Female",54,"No","No",13,1,"No",0,1,0,"Occasional",24,25,"No",0
"1480-IVEVR","Male",73,"Yes","No",35,2,"Fiber optic",0,2,0,"Occasional",12,81.6,"No",0
"1820-DJFPH","Female",20,"Yes","Yes",72,2,"No",0,1,0,"Occasional",24,24.05,"No",0
"7975-JMZNT","Male",54,"Yes","No",66,2,"DSL",3,3,3,"Occasional",24,91.7,"No",0
"0506-LVNGN","Female",66,"No","No",5,1,"DSL",0,2,0,"Frequent",1,75.55,"Yes",0
"5380-XPJNZ","Female",43,"No","No",38,1,"No",0,1,0,"Occasional",12,20.05,"No",0
"2790-XUYMV","Male",37,"No","Yes",71,1,"No",3,2,0,"Occasional",12,85.45,"No",0
"0886-QGENL","Female",90,"Yes","No",27,1,"Fiber optic",1,2,3,"Occasional",1,101.25,"Yes",0
"1965-AKTSX","Female",74,"No","No",14,2,"Fiber optic",2,2,0,"Frequent",1,78.95,"Yes",0
"8086-OVPWV","Male",41,"No","No",2,1,"5G",0,2,2,"Frequent",1,80.2,"Yes",0
"8650-RHRKE","Male",22,"No","No",4,0,"DSL",0,2,0,"Frequent",1,29.65,"Yes",0
"9168-INPSZ","Female",78,"Yes","No",44,2,"5G",0,3,3,"Occasional",1,104.15,"No",0
"1862-SKORY","Female",48,"No","No",40,0,"DSL",2,2,1,"Frequent",1,39.3,"Yes",0
"2999-AANRQ","Female",54,"No","No",21,1,"DSL",3,3,1,"Occasional",24,71.05,"No",0
"9732-KPKBW","Male",55,"No","No",1,1,"DSL",1,3,0,"Occasional",1,53.95,"Yes",0
"1522-VVDMG","Male",53,"Yes","Yes",7,1,"Fiber optic",2,3,1,"Occasional",1,89.75,"Yes",0
"7594-RQHXR","Female",42,"No","Yes",1,1,"Fiber optic",0,2,2,"Frequent",1,79.6,"Yes",0
"1101-SSWAG","Female",41,"Yes","No",15,2,"DSL",0,2,0,"Occasional",1,51.1,"No",0
"6752-APNJL","Male",49,"Yes","Yes",42,1,"DSL",3,2,0,"Occasional",1,54.5,"No",0
"4183-WCSEP","Male",35,"No","No",31,2,"No",2,3,0,"Occasional",1,78.45,"Yes",0
"1934-SJVJK","Male",22,"No","No",1,1,"5G",0,1,0,"Occasional",1,20.15,"Yes",0
"3272-VUHPV","Female",42,"Yes","Yes",8,1,"DSL",2,3,0,"Occasional",1,56.3,"No",0
"7839-NUIAA","Female",43,"Yes","Yes",61,2,"DSL",3,2,0,"Occasional",1,59.8,"No",0
"3199-XGZCY","Female",48,"No","No",8,2,"Fiber optic",0,2,0,"Occasional",1,75.25,"No",0
"2091-RFFBA","Female",87,"No","No",31,2,"Fiber optic",0,2,0,"Frequent",1,73.9,"Yes",0
"4816-OKWNX","Male",29,"Yes","Yes",50,1,"Fiber optic",2,3,3,"Occasional",12,103.4,"No",0
"0221-NAUXK","Male",49,"No","No",10,1,"No",0,1,0,"Occasional",12,19.95,"No",0
"0657-DOGUM","Female",58,"Yes","No",48,2,"DSL",1,3,0,"Occasional",12,60.6,"No",0
"3352-RICWQ","Female",59,"No","No",9,1,"No",0,1,0,"Occasional",24,19.75,"No",0
"0733-VUNUW","Male",61,"No","No",24,2,"DSL",1,2,0,"Frequent",1,55.65,"Yes",0
"4425-OWHWB","Female",20,"No","No",20,1,"5G",0,1,0,"Occasional",12,19.35,"No",0
"8486-AYEQH","Female",27,"No","No",31,2,"Fiber optic",0,2,0,"Occasional",1,76.05,"No",0
"8614-VGMMV","Female",49,"No","No",15,2,"DSL",0,2,0,"Frequent",1,49.1,"Yes",0
"8197-BFWVU","Female",40,"No","No",72,2,"5G",3,3,3,"Occasional",24,93.25,"No",0
"3164-YAXFY","Male",50,"No","No",57,0,"5G",1,2,3,"Occasional",1,53.75,"No",0
"3863-IUBJR","Male",32,"Yes","Yes",12,1,"5G",0,2,2,"Occasional",12,53.65,"Yes",0
"6284-AHOOQ","Male",84,"No","No",22,2,"Fiber optic",0,3,1,"Occasional",1,90.5,"Yes",0
"6333-YDVLT","Male",36,"No","No",65,2,"Fiber optic",1,3,3,"Occasional",12,110,"No",0
"4786-UKSNZ","Male",59,"No","No",1,1,"No",0,1,0,"Occasional",1,20.2,"Yes",0
"4081-DYXAV","Female",55,"No","No",19,0,"5G",0,2,3,"Occasional",12,44.85,"Yes",0
"6331-EWIEB","Male",21,"No","No",20,2,"Fiber optic",0,2,1,"Occasional",1,85.25,"Yes",0
"9695-IDRZR","Female",41,"No","Yes",34,2,"Fiber optic",3,3,3,"Occasional",24,116.15,"No",0
"0017-IUDMW","Female",33,"Yes","Yes",72,2,"Fiber optic",3,3,3,"Occasional",24,116.8,"No",0
"3280-MRDOF","Male",74,"No","No",30,2,"5G",0,3,1,"Occasional",24,69.1,"No",0
"3638-DIMPH","Female",28,"Yes","No",13,1,"No",0,2,0,"Occasional",12,43.8,"No",0
"7047-FWEYA","Female",40,"Yes","No",46,2,"Fiber optic",2,3,3,"Occasional",12,103.15,"No",0
"7480-QNVZJ","Male",82,"No","No",50,2,"Fiber optic",0,2,3,"Frequent",1,95.7,"Yes",0
"3982-DQLUS","Male",90,"Yes","Yes",65,2,"Fiber optic",3,2,0,"Occasional",1,85.75,"No",0
"5899-MQZZL","Female",23,"No","No",13,2,"Fiber optic",0,2,0,"Frequent",1,75,"Yes",0
"9470-YFUYI","Male",84,"Yes","No",71,1,"DSL",3,3,1,"Occasional",12,71,"No",0
"8540-ZQGEA","Female",56,"No","No",54,1,"5G",0,1,0,"Occasional",24,20.05,"No",0
"3594-UVONA","Female",28,"No","No",35,2,"DSL",1,3,3,"Occasional",12,85.95,"Yes",0
"2528-HFYZX","Male",82,"Yes","No",17,1,"5G",2,2,0,"Frequent",1,76.45,"Yes",0
"5515-RUGKN","Male",53,"No","No",8,1,"5G",0,2,2,"Occasional",1,54.75,"No",0
"7016-BPGEU","Female",43,"No","No",29,0,"DSL",0,2,0,"Frequent",1,25.1,"Yes",0
"9389-ACWBI","Female",39,"Yes","Yes",5,1,"Fiber optic",0,2,0,"Occasional",1,69.95,"No",0
"8327-WKMIE","Male",35,"No","No",37,1,"No",0,1,0,"Occasional",12,20.15,"No",0
"5827-MWCZK","Male",57,"Yes","Yes",56,2,"Fiber optic",2,3,1,"Occasional",1,96.95,"No",0
"8082-GHXOP","Male",21,"No","Yes",13,1,"DSL",0,2,0,"Occasional",1,44,"No",0
"2208-UGTGR","Male",29,"No","No",56,2,"Fiber optic",2,2,3,"Occasional",1,98.6,"No",0
"2225-ZRGSG","Female",24,"Yes","Yes",70,2,"Fiber optic",3,3,0,"Occasional",24,93.9,"Yes",0
"1074-WVEVG","Female",21,"Yes","No",59,1,"No",0,1,0,"Occasional",12,20.35,"No",0
"9743-DQKQW","Male",39,"No","No",3,1,"No",0,2,0,"Occasional",1,25.1,"No",0
"8024-XNAFQ","Female",88,"No","No",72,2,"Fiber optic",3,3,2,"Occasional",24,107.4,"No",0
"0570-BFQHT","Female",21,"No","No",9,1,"No",2,2,0,"Occasional",1,80.55,"No",0
"3113-IWHLC","Male",60,"No","No",5,1,"5G",1,2,0,"Occasional",1,55.8,"No",0
"0533-UCAAU","Male",85,"Yes","No",57,2,"DSL",2,2,1,"Occasional",12,71.1,"No",0
"6266-QHOJZ","Female",50,"No","No",65,2,"Fiber optic",3,3,0,"Occasional",12,89.85,"No",0
"3092-IGHWF","Male",61,"Yes","Yes",67,2,"5G",2,2,0,"Frequent",12,87.4,"Yes",0
"7159-NOKYQ","Male",40,"No","No",67,2,"Fiber optic",2,2,2,"Occasional",24,93.15,"No",0
"5260-UMPWX","Female",19,"Yes","Yes",26,1,"No",0,1,0,"Occasional",1,20.25,"No",0
"3374-PZLXD","Male",40,"No","No",34,1,"5G",0,1,0,"Occasional",1,19.7,"No",0
"4795-KTRTH","Female",85,"Yes","No",5,2,"DSL",2,2,0,"Frequent",1,81,"Yes",0
"6892-BOGQE","Female",55,"No","No",71,1,"No",0,1,0,"Occasional",24,20.9,"No",0
"7055-HNEOJ","Male",39,"Yes","No",3,1,"5G",0,3,0,"Occasional",1,55.8,"No",0
"5141-ZUVBH","Female",62,"No","Yes",9,1,"5G",1,3,2,"Occasional",1,93,"No",0
"9479-HYNYL","Female",28,"Yes","No",71,1,"DSL",2,3,3,"Occasional",24,80.7,"No",0
"6999-CHVCF","Male",49,"No","No",68,2,"Fiber optic",3,2,2,"Occasional",24,102.1,"No",0
"8204-TIFGJ","Female",53,"No","No",23,1,"No",0,1,0,"Occasional",1,20.3,"No",0
"2697-NQBPF","Male",45,"No","No",34,2,"Fiber optic",2,3,3,"Occasional",1,105.35,"No",0
"4361-FEBGN","Male",21,"No","No",48,1,"No",0,1,0,"Occasional",24,20.15,"No",0
"3230-WYKIR","Male",24,"No","No",18,1,"No",0,3,3,"Occasional",12,82,"Yes",0
"1565-RHDJD","Female",29,"No","Yes",4,2,"Fiber optic",2,2,0,"Frequent",1,84.05,"Yes",0
"2308-STERM","Female",22,"No","No",2,1,"No",0,1,0,"Occasional",1,19.4,"No",0
"2560-QTSBS","Female",56,"No","No",72,2,"No",0,1,0,"Occasional",12,23.3,"No",0
"3677-IYRBF","Female",86,"No","No",2,1,"No",0,2,0,"Frequent",1,30.4,"Yes",0
"1114-CENIM","Male",37,"No","No",54,2,"DSL",2,2,0,"Frequent",1,55,"Yes",0
"5985-TBABQ","Female",34,"No","No",32,2,"DSL",1,2,3,"Occasional",12,74.75,"No",0
"4884-ZTHVF","Female",79,"No","No",8,1,"Fiber optic",2,2,1,"Occasional",1,87.1,"No",0
"1095-JUDTC","Female",84,"No","No",47,2,"Fiber optic",2,3,1,"Occasional",1,95.05,"Yes",0
"1925-LFCZZ","Male",75,"No","No",55,0,"DSL",0,2,3,"Occasional",12,50.05,"No",0
"7638-QVMVY","Female",35,"No","No",7,1,"Fiber optic",0,2,1,"Frequent",1,79,"Yes",0
"0547-HURJB","Male",20,"No","Yes",12,1,"No",0,1,0,"Occasional",1,21.05,"No",0
"0702-PGIBZ","Male",47,"No","Yes",4,2,"Fiber optic",2,2,3,"Frequent",1,101.7,"Yes",0
"1866-NXPSP","Female",28,"No","No",36,1,"5G",3,3,2,"Occasional",12,75.55,"No",0
"6582-PLFUU","Male",36,"No","No",51,1,"No",0,1,0,"Occasional",24,19.55,"No",0
"1383-EZRWL","Female",50,"No","No",7,1,"No",0,1,0,"Occasional",1,20.05,"Yes",0
"3128-YOVTD","Female",21,"Yes","Yes",51,1,"5G",3,2,0,"Occasional",1,79.15,"No",0
"7105-MXJLL","Female",67,"Yes","No",26,1,"5G",0,2,2,"Occasional",12,60.7,"No",0
"8414-MYSHR","Male",72,"No","No",5,1,"Fiber optic",0,2,3,"Frequent",1,91.4,"Yes",0
"2545-EBUPK","Female",89,"No","No",2,1,"No",0,2,2,"Occasional",1,84.05,"No",0
"0723-DRCLG","Female",76,"Yes","No",1,2,"Fiber optic",0,2,0,"Occasional",1,74.45,"Yes",0
"3594-KADLU","Male",35,"No","No",3,0,"DSL",1,3,0,"Occasional",1,35.1,"No",0
"6072-NUQCB","Male",21,"Yes","Yes",22,1,"No",0,1,0,"Occasional",12,20.25,"No",0
"7691-KGKGP","Male",32,"Yes","Yes",53,1,"DSL",2,3,1,"Occasional",1,65,"No",0
"6278-FEPBZ","Female",21,"No","No",9,1,"No",0,1,0,"Occasional",1,20.25,"No",0
"2369-FEVNO","Male",22,"No","No",1,1,"No",0,1,0,"Occasional",1,19.9,"No",0
"7148-XZPHA","Male",31,"Yes","Yes",55,1,"Fiber optic",2,3,0,"Occasional",1,79.4,"No",0
"2696-RZVZW","Male",55,"No","No",68,2,"No",0,1,0,"Occasional",24,25.05,"No",0
"1891-FZYSA","Male",85,"Yes","No",69,1,"No",2,2,1,"Frequent",1,89.95,"Yes",0
"0225-ZORZP","Male",40,"No","No",3,1,"Fiber optic",2,2,2,"Occasional",1,84.3,"No",0
"0238-WHBIQ","Male",64,"Yes","Yes",72,1,"No",3,3,3,"Occasional",24,89.7,"No",0
"7459-RRWQZ","Female",50,"No","No",15,2,"5G",1,2,2,"Frequent",1,64.65,"Yes",0
"7919-ZODZZ","Female",51,"No","No",10,1,"DSL",2,2,2,"Occasional",12,65.9,"No",0
"3068-OMWZA","Male",71,"No","No",1,2,"5G",0,2,1,"Frequent",1,88.8,"Yes",0
"0907-HQNTS","Female",88,"Yes","No",70,1,"No",3,3,3,"Occasional",24,113,"No",0
"1395-WSWXR","Male",21,"No","No",24,1,"No",0,1,0,"Occasional",24,20.75,"No",0
"3070-BDOQC","Female",54,"No","No",60,1,"5G",2,2,3,"Occasional",24,99.65,"No",0
"8821-XNHVZ","Female",41,"Yes","Yes",1,1,"Fiber optic",0,2,1,"Frequent",1,80.05,"Yes",0
"8118-TJAFG","Male",25,"Yes","Yes",9,1,"Fiber optic",2,3,3,"Occasional",1,101.5,"No",0
"5156-UMKOW","Female",55,"No","No",3,0,"DSL",2,2,0,"Occasional",1,29.65,"No",0
"8992-CEUEN","Female",39,"No","No",1,1,"5G",0,1,0,"Occasional",1,18.85,"No",0
"1702-CCFNJ","Male",43,"Yes","No",52,2,"5G",2,3,0,"Occasional",1,61.35,"No",0
"0565-IYCGT","Male",53,"No","No",69,2,"5G",3,3,2,"Occasional",12,78.6,"Yes",0
"2580-ATZSQ","Female",52,"Yes","Yes",65,1,"DSL",3,2,0,"Occasional",12,61.35,"No",0
"4138-NAXED","Male",34,"No","No",51,2,"DSL",2,2,0,"Occasional",1,81,"No",0
"8450-LUGUK","Female",52,"No","No",37,2,"No",0,1,0,"Occasional",24,24.1,"No",0
"4871-JTKJF","Female",77,"No","No",1,1,"Fiber optic",0,2,0,"Frequent",1,69.65,"Yes",0
"8740-XLHDR","Male",22,"No","No",5,1,"No",3,3,0,"Occasional",1,43.25,"Yes",0
"3275-RHRNE","Male",33,"Yes","Yes",28,0,"5G",2,3,3,"Occasional",12,60,"No",0
"9251-WNSOD","Female",38,"Yes","No",67,2,"5G",3,2,2,"Occasional",12,75.1,"No",0
"7730-CLDSV","Female",21,"Yes","Yes",72,1,"No",2,3,2,"Occasional",24,98.65,"No",0
"4446-BZKHU","Male",39,"Yes","No",61,1,"No",2,2,3,"Frequent",1,105.55,"Yes",0
"3021-VLNRJ","Female",57,"No","Yes",50,1,"DSL",1,3,1,"Occasional",12,70.8,"No",0
"2683-JXWQQ","Male",20,"Yes","Yes",61,0,"5G",1,2,0,"Occasional",1,33.6,"No",0
"4662-EKDPQ","Male",38,"No","No",2,2,"DSL",0,2,2,"Frequent",1,62.05,"Yes",0
"4032-RMHCI","Female",19,"Yes","Yes",41,1,"No",1,2,0,"Occasional",12,35.4,"No",0
"8634-MPHTR","Male",83,"Yes","No",47,2,"Fiber optic",0,2,3,"Frequent",1,100.05,"Yes",0
"7168-HDQHG","Female",22,"Yes","Yes",36,1,"No",0,1,0,"Occasional",1,19.2,"No",0
"4020-KIUDI","Male",21,"Yes","Yes",6,1,"No",0,1,0,"Occasional",1,19.85,"No",0
"5448-VWNAM","Female",64,"No","Yes",19,2,"DSL",3,3,1,"Occasional",1,75.9,"No",0
"5027-XWQHA","Male",61,"No","No",6,1,"5G",0,2,0,"Frequent",1,44.75,"Yes",0
"0512-FLFDW","Female",86,"Yes","No",60,2,"Fiber optic",0,2,3,"Occasional",12,100.5,"No",0
"8901-HJXTF","Female",60,"No","No",12,0,"5G",2,2,0,"Frequent",1,29.2,"Yes",0
"6022-KOUQO","Female",49,"No","No",2,0,"5G",0,3,0,"Occasional",1,29.05,"No",0
"0244-LGNFY","Female",62,"Yes","Yes",72,1,"No",3,3,3,"Occasional",24,92.65,"No",0
"9367-OIUXP","Male",53,"No","No",4,1,"DSL",0,1,0,"Occasional",1,20.7,"No",0
"6837-HAEVO","Male",59,"Yes","Yes",69,2,"Fiber optic",2,2,3,"Occasional",24,105,"No",0
"2187-PKZAY","Male",57,"No","No",12,1,"No",0,2,2,"Occasional",1,79.95,"No",0
"8267-ZNYVZ","Female",27,"Yes","No",33,1,"Fiber optic",1,3,3,"Occasional",12,103.75,"Yes",0
"1696-HXOWK","Female",47,"Yes","No",71,2,"Fiber optic",3,2,1,"Occasional",12,95.65,"No",0
"0319-QZTCO","Female",55,"No","No",3,1,"5G",2,2,1,"Occasional",1,58.7,"No",0
"1167-OYZJF","Female",69,"Yes","No",67,1,"No",0,1,0,"Occasional",24,20.05,"No",0
"0409-WTMPL","Female",37,"Yes","No",58,2,"5G",3,2,3,"Occasional",12,110.65,"No",0
"2041-JIJCI","Female",51,"No","No",5,1,"No",2,2,2,"Occasional",1,64,"No",0
"1237-WIYYZ","Female",53,"No","No",18,1,"No",0,1,0,"Occasional",1,19.55,"No",0
"2122-YWVYA","Female",42,"No","No",18,1,"Fiber optic",1,2,0,"Occasional",1,75.4,"No",0
"9824-BEMCV","Male",21,"Yes","Yes",17,1,"5G",0,2,0,"Frequent",1,69,"Yes",0
"6506-EYCNH","Female",21,"Yes","Yes",28,1,"No",0,1,0,"Occasional",1,19.55,"No",0
"4654-GGUII","Female",60,"No","No",18,0,"DSL",3,3,0,"Occasional",12,40.2,"No",0
"6728-VOIFY","Female",20,"Yes","No",63,1,"Fiber optic",2,2,3,"Occasional",12,96,"No",0
"6719-FGEDO","Female",59,"Yes","No",72,2,"No",3,3,0,"Occasional",24,97,"No",0
"7921-BEPCI","Female",27,"No","No",72,2,"DSL",3,2,0,"Occasional",24,59.75,"No",0
"0004-TLHLJ","Male",47,"No","No",4,1,"Fiber optic",0,2,0,"Frequent",1,73.9,"Yes",0
"3566-VVORZ","Female",60,"Yes","No",12,1,"DSL",0,2,0,"Occasional",1,45.9,"No",0
"6844-DZKRF","Male",54,"No","No",2,1,"5G",0,3,0,"Occasional",1,50.2,"No",0
"8559-WNQZS","Male",22,"No","No",1,1,"DSL",0,1,0,"Occasional",24,20.45,"No",0
"1337-BOZWO","Male",54,"Yes","Yes",18,0,"DSL",2,2,1,"Occasional",12,46.4,"No",0
"9938-PRCVK","Female",51,"No","No",41,1,"5G",0,1,0,"Occasional",24,19.7,"No",0
"0265-PSUAE","Female",41,"Yes","Yes",16,1,"Fiber optic",1,2,3,"Occasional",1,100.7,"No",0
"1852-QSWCD","Male",21,"Yes","Yes",64,2,"5G",0,1,0,"Occasional",24,24.8,"No",0
"3323-CPBWR","Male",32,"No","No",23,2,"Fiber optic",0,3,1,"Occasional",1,96.9,"No",0
"0708-SJDIS","Female",23,"No","No",34,2,"DSL",0,3,1,"Occasional",1,65,"No",0
"8229-TNIQA","Female",37,"No","No",4,1,"DSL",0,2,0,"Frequent",1,45.3,"Yes",0
"0377-JBKKT","Male",46,"Yes","Yes",22,1,"DSL",3,3,0,"Occasional",1,57.95,"No",0
"9617-INGJY","Male",55,"No","No",1,1,"No",0,2,0,"Occasional",1,70.6,"No",0
"8292-TYSPY","Male",53,"No","No",19,1,"DSL",0,3,0,"Occasional",1,55,"Yes",0
"1226-IENZN","Male",79,"No","No",16,1,"Fiber optic",0,2,2,"Occasional",1,78.75,"No",0
"5481-NTDOH","Female",73,"Yes","No",67,2,"Fiber optic",1,2,3,"Occasional",12,107.05,"No",0
"2659-VXMWZ","Male",34,"Yes","Yes",67,2,"DSL",3,2,3,"Frequent",12,111.3,"Yes",0
"0048-PIHNL","Female",40,"No","No",49,1,"No",0,1,0,"Occasional",12,20.45,"No",0
"4323-SADQS","Male",21,"Yes","Yes",7,1,"DSL",1,3,0,"Occasional",1,34.5,"Yes",0
"1399-OUPJN","Female",38,"No","No",57,1,"No",0,1,0,"Occasional",24,19.75,"No",0
"6749-UTDVX","Male",42,"No","No",72,2,"Fiber optic",2,2,3,"Occasional",24,103.65,"No",0
"4760-XOHVN","Female",21,"Yes","Yes",1,1,"No",0,1,0,"Occasional",1,19.45,"Yes",0
"4323-ELYYB","Male",53,"No","No",13,1,"No",0,1,0,"Occasional",12,20,"No",0
"7005-CCBKV","Male",30,"No","No",6,1,"No",2,2,2,"Frequent",1,84.4,"Yes",0
"4273-MBHYA","Female",40,"No","Yes",1,1,"Fiber optic",0,2,3,"Occasional",1,89.35,"No",0
"3858-VOBET","Male",39,"No","No",23,2,"5G",0,2,0,"Frequent",1,74.95,"Yes",0
"3034-ZBEQN","Female",54,"No","No",48,0,"DSL",2,2,0,"Frequent",12,34.7,"Yes",0
"6484-LATFU","Male",61,"No","No",68,1,"No",0,1,0,"Occasional",24,24.55,"No",0
"9992-UJOEL","Male",42,"No","No",2,1,"5G",2,2,0,"Occasional",1,50.3,"No",0
"2325-NBPZG","Female",19,"No","No",3,1,"Fiber optic",1,2,0,"Occasional",1,74.55,"No",0
"0993-OSGPT","Female",88,"Yes","No",68,1,"5G",2,3,0,"Occasional",12,60.65,"No",0
"7526-IVLYU","Male",57,"No","No",3,1,"No",0,1,0,"Occasional",1,19.65,"No",0
"1177-XZBJL","Male",35,"Yes","Yes",53,2,"DSL",3,3,0,"Occasional",12,64.15,"No",0
"6168-WFVVF","Female",65,"No","No",3,1,"Fiber optic",0,2,0,"Frequent",1,70.3,"Yes",0
"1724-IQWNM","Male",44,"No","No",1,1,"No",0,1,0,"Occasional",1,19.3,"No",0
"8096-LOIST","Female",29,"No","No",19,1,"5G",0,2,2,"Occasional",1,56.2,"No",0
"5939-SXWHM","Male",50,"No","No",48,2,"5G",0,1,0,"Occasional",24,26.3,"No",0
"0187-QSXOE","Male",87,"Yes","No",7,1,"Fiber optic",0,2,3,"Occasional",1,89,"No",0
"8020-BWHYL","Female",72,"No","No",15,1,"Fiber optic",2,2,0,"Frequent",1,75.3,"Yes",0
"3648-GZPHF","Male",63,"No","No",32,0,"DSL",0,3,0,"Occasional",12,36.25,"No",0
"8224-KDLKN","Male",62,"No","No",72,2,"No",0,1,0,"Occasional",24,25,"No",0
"4475-NVTLU","Male",49,"No","No",45,1,"No",0,1,0,"Occasional",24,19.2,"No",0
"3043-TYBNO","Male",58,"No","No",3,2,"No",0,3,2,"Occasional",1,60.65,"No",0
"5322-TEUJK","Female",21,"Yes","Yes",71,2,"Fiber optic",3,3,3,"Occasional",24,114.6,"No",0
"4277-UDIEF","Male",57,"Yes","Yes",24,2,"DSL",1,3,3,"Occasional",1,81,"No",0
"3538-WZPHD","Male",62,"No","No",3,0,"DSL",2,2,0,"Frequent",1,29.6,"Yes",0
"1228-ZLNBX","Male",37,"No","No",21,2,"Fiber optic",0,2,0,"Occasional",1,75.3,"No",0
"5766-FTRTS","Male",59,"Yes","No",72,1,"No",3,3,3,"Occasional",24,84.45,"No",0
"2277-VWCNI","Female",78,"No","No",4,2,"DSL",0,2,0,"Occasional",1,48.75,"No",0
"2169-RRLFW","Female",61,"No","No",71,2,"No",0,1,0,"Occasional",24,25.6,"No",0
"0848-SOMKO","Male",63,"No","No",70,0,"DSL",1,3,2,"Occasional",24,48.4,"No",0
"4487-ZYJZK","Female",21,"Yes","Yes",38,1,"No",0,1,0,"Occasional",12,19.6,"No",0
"7611-YKYTC","Male",32,"Yes","Yes",22,1,"Fiber optic",1,2,0,"Occasional",1,75,"No",0
"5774-XZTQC","Female",22,"Yes","Yes",7,1,"No",0,1,0,"Occasional",1,20.45,"No",0
"6339-YPSAH","Male",35,"No","No",9,1,"Fiber optic",0,2,0,"Occasional",1,73.8,"No",0
"8695-WDYEA","Male",54,"No","No",1,1,"5G",1,2,0,"Occasional",1,51.25,"No",0
"0618-XWMSS","Male",23,"No","Yes",28,1,"Fiber optic",1,2,0,"Frequent",1,74.9,"Yes",0
"5063-IUOKK","Male",56,"No","No",13,1,"No",0,1,0,"Occasional",24,19.75,"No",0
"9643-AVVWI","Female",64,"Yes","Yes",3,1,"No",2,3,0,"Occasional",1,80,"No",0
"9540-JYROE","Male",39,"No","No",8,1,"Fiber optic",0,2,0,"Frequent",1,70.1,"Yes",0
"8314-HTWVE","Female",21,"Yes","Yes",7,1,"No",0,1,0,"Occasional",24,19.85,"No",0
"2351-RRBUE","Female",20,"Yes","Yes",7,1,"5G",0,1,0,"Occasional",12,20.65,"No",0
"3806-YAZOV","Female",56,"No","No",3,1,"No",0,1,0,"Occasional",1,18.8,"No",0
"8515-OCTJS","Female",36,"No","No",25,2,"No",0,1,0,"Occasional",24,24.75,"Yes",0
"5364-EVNIB","Male",39,"No","No",13,1,"Fiber optic",2,2,0,"Frequent",1,79.8,"Yes",0
"1156-ZFYDO","Female",21,"No","No",1,1,"No",0,1,0,"Occasional",1,19.75,"No",0
"4993-JCRGJ","Male",62,"No","No",26,2,"Fiber optic",0,3,0,"Occasional",1,84.3,"No",0
"2968-SSGAA","Female",53,"No","No",10,2,"Fiber optic",0,2,3,"Frequent",1,100.6,"Yes",0
"4318-RAJVY","Female",53,"No","No",10,1,"No",0,1,0,"Occasional",12,19.8,"No",0
"8646-JCOMS","Female",47,"Yes","No",66,2,"5G",2,3,0,"Occasional",12,90.55,"No",0
"4003-OCTMP","Female",32,"Yes","No",31,1,"No",1,3,2,"Occasional",12,64,"No",0
"3814-MLAXC","Female",23,"No","No",31,2,"Fiber optic",0,3,0,"Occasional",1,79.85,"Yes",0
"1024-KPRBB","Female",39,"No","No",38,1,"Fiber optic",0,2,3,"Occasional",12,89.1,"No",0
"5143-WMWOG","Male",37,"No","No",1,1,"No",0,1,0,"Occasional",1,19.95,"Yes",0
"7951-VRDVK","Female",36,"No","No",36,1,"5G",3,3,3,"Occasional",12,85.85,"No",0
"4779-ZGICK","Male",22,"Yes","Yes",48,2,"No",0,1,0,"Occasional",24,23.55,"No",0
"7593-XFKDI","Male",46,"No","No",1,1,"No",0,2,0,"Frequent",1,46.3,"Yes",0
"1142-IHLOO","Female",61,"No","No",51,1,"Fiber optic",0,2,3,"Occasional",12,87.55,"No",0
"1430-SFQSA","Male",60,"No","No",29,0,"5G",1,3,0,"Occasional",12,35.6,"No",0
"8681-ICONS","Male",56,"No","No",29,1,"5G",0,1,0,"Occasional",1,20.65,"No",0
"5219-YIPTK","Female",38,"Yes","No",33,2,"Fiber optic",2,2,3,"Frequent",1,104.4,"Yes",0
"6016-LVTJQ","Female",19,"Yes","Yes",34,1,"5G",0,1,0,"Occasional",1,20.65,"No",0
"8967-SZQAS","Female",57,"No","No",14,1,"5G",2,2,0,"Occasional",1,50.45,"No",0
"7110-BDTWG","Female",54,"Yes","No",71,0,"DSL",0,3,2,"Occasional",24,47.05,"No",0
"3678-MNGZX","Male",22,"Yes","Yes",68,1,"No",0,1,0,"Occasional",24,19.95,"No",0
"5445-UTODQ","Female",23,"Yes","No",7,1,"5G",0,2,1,"Frequent",1,81.1,"Yes",0
"0362-ZBZWJ","Male",33,"No","No",36,2,"Fiber optic",0,2,2,"Frequent",1,84.9,"Yes",0
"7346-MEDWM","Female",19,"No","No",59,2,"Fiber optic",2,2,0,"Occasional",1,83.25,"No",0
"8735-DCXNF","Male",21,"Yes","No",10,1,"DSL",1,3,0,"Occasional",1,54.95,"No",0
"5442-PPTJY","Male",39,"No","No",12,1,"5G",0,1,0,"Occasional",24,19.7,"No",0
"2985-FMWYF","Female",19,"No","No",23,2,"Fiber optic",0,2,3,"Occasional",1,93.5,"No",0
"1450-SKCVI","Female",25,"No","No",56,1,"Fiber optic",2,2,0,"Occasional",1,73.85,"Yes",0
"3331-HQDTW","Female",30,"No","No",34,2,"5G",3,2,3,"Frequent",1,109.8,"Yes",0
"4223-BKEOR","Female",52,"No","Yes",21,1,"5G",1,2,2,"Occasional",12,64.85,"No",0
"4458-KVRBJ","Male",19,"No","No",59,2,"No",0,1,0,"Occasional",24,25,"No",0
"9591-YVTEB","Male",90,"No","No",55,0,"DSL",3,2,1,"Occasional",1,44.85,"No",0
"8375-DKEBR","Female",65,"No","No",1,1,"5G",0,2,0,"Frequent",1,69.6,"Yes",0
"2632-UCGVD","Male",73,"Yes","No",66,2,"Fiber optic",0,3,3,"Occasional",1,100.05,"Yes",0
"8779-YIQQA","Male",20,"Yes","Yes",21,1,"No",0,1,0,"Occasional",12,19.8,"No",0
"6778-EICRF","Male",22,"Yes","Yes",24,1,"No",1,2,3,"Occasional",12,74.8,"No",0
"5996-DAOQL","Male",59,"No","No",1,1,"No",0,1,0,"Occasional",1,20.45,"No",0
"2205-YMZZJ","Male",68,"No","No",7,1,"No",0,2,1,"Frequent",1,84.8,"Yes",0
"6701-YVNQG","Male",51,"Yes","No",72,2,"DSL",3,3,3,"Occasional",24,88.7,"No",0
"7030-FZTFM","Male",61,"Yes","Yes",72,2,"Fiber optic",2,3,3,"Occasional",24,110.9,"No",0
"0508-SQWPL","Female",21,"Yes","Yes",57,1,"No",0,1,0,"Occasional",24,20.1,"No",0
"9415-TPKRV","Female",50,"Yes","Yes",8,2,"DSL",2,2,0,"Occasional",1,55.75,"No",0
"9190-MFJLN","Male",71,"No","No",19,1,"Fiber optic",0,2,3,"Frequent",1,95.9,"Yes",0
"5073-RZGBK","Female",65,"No","No",50,2,"DSL",3,3,2,"Occasional",12,80.05,"No",0
"6097-EQISJ","Female",60,"Yes","Yes",66,2,"5G",2,2,3,"Frequent",12,102.45,"Yes",0
"7254-IQWOZ","Male",27,"No","No",1,1,"Fiber optic",0,2,0,"Frequent",1,69.65,"Yes",0
"0743-HRVFF","Female",37,"Yes","Yes",51,0,"DSL",0,3,3,"Occasional",12,56.15,"No",0
"0098-BOWSO","Male",19,"No","No",27,1,"5G",0,1,0,"Occasional",1,19.4,"No",0
"6906-ANDWJ","Male",39,"Yes","Yes",15,2,"Fiber optic",0,2,0,"Frequent",1,74.9,"Yes",0
"5385-SUIRI","Male",81,"Yes","No",52,2,"Fiber optic",1,2,3,"Frequent",1,104.2,"Yes",0
"8976-OQHGT","Female",44,"Yes","Yes",4,1,"DSL",2,3,0,"Occasional",1,56.5,"Yes",0
"9033-EOXWV","Female",50,"No","No",12,2,"DSL",0,3,3,"Occasional",12,74.05,"Yes",0
"4818-DRBQT","Male",21,"Yes","No",29,2,"Fiber optic",2,2,0,"Frequent",1,80.15,"Yes",0
"3768-VHXQO","Male",44,"No","No",67,2,"5G",0,1,0,"Occasional",24,24.85,"No",0
"6080-LNESI","Male",19,"No","No",51,2,"No",0,1,0,"Occasional",24,24.75,"No",0
"5897-ZYEKH","Female",75,"Yes","No",67,1,"No",3,2,3,"Occasional",12,105.6,"No",0
"5135-GRQJV","Male",71,"Yes","No",72,2,"Fiber optic",3,3,3,"Occasional",24,114.5,"No",0
"4925-LMHOK","Male",49,"No","No",15,2,"DSL",2,3,0,"Occasional",1,58.6,"Yes",0
"3317-VLGQT","Female",21,"Yes","No",14,1,"Fiber optic",0,2,2,"Occasional",1,78.1,"No",0
"3402-XRIUO","Female",72,"Yes","No",22,2,"5G",3,3,0,"Occasional",1,63.55,"No",0
"2811-POVEX","Female",79,"Yes","Yes",23,1,"5G",2,2,2,"Occasional",1,88.45,"No",0
"0757-WCUUZ","Male",28,"Yes","Yes",54,2,"DSL",0,2,2,"Occasional",24,63.35,"No",0
"0784-GTUUK","Male",21,"Yes","No",62,2,"5G",0,1,0,"Occasional",12,23.75,"No",0
"3705-RHRFR","Female",44,"Yes","No",69,2,"Fiber optic",1,2,3,"Occasional",24,99.15,"No",0
"2929-ERCFZ","Female",27,"Yes","Yes",8,1,"DSL",0,2,3,"Frequent",1,94.2,"Yes",0
"9659-ZTWSM","Male",84,"Yes","No",66,1,"No",2,3,3,"Occasional",12,107.35,"No",0
"3205-MXZRA","Male",26,"No","No",26,1,"DSL",0,3,1,"Occasional",12,59.45,"No",0
"4369-NYSCF","Male",59,"No","No",56,1,"DSL",2,3,3,"Occasional",12,75.75,"No",0
"7931-PXHFC","Male",64,"No","No",38,1,"DSL",0,3,2,"Occasional",12,62.3,"Yes",0
"6407-UTSLV","Female",67,"No","No",2,1,"DSL",2,2,1,"Occasional",1,83.8,"No",0
"4248-HCETZ","Male",69,"Yes","No",30,1,"No",2,2,0,"Frequent",1,79.65,"Yes",0
"2045-BMBTJ","Female",88,"No","No",33,0,"DSL",3,2,3,"Occasional",1,59.45,"No",0
"9079-YEXQJ","Female",34,"No","No",54,2,"Fiber optic",2,3,3,"Occasional",1,111.1,"Yes",0
"0839-QNXME","Female",19,"No","No",30,1,"5G",0,1,0,"Occasional",24,19.4,"No",0
"8267-KFGYD","Male",60,"No","No",1,1,"5G",0,1,0,"Occasional",1,21.05,"No",0
"7140-ADSMJ","Male",22,"No","No",8,1,"No",0,1,0,"Occasional",1,20.45,"No",0
"0795-GMVQO","Male",49,"Yes","No",67,2,"Fiber optic",3,2,3,"Occasional",12,109.9,"No",0
"2925-MXLSX","Female",32,"No","No",30,2,"DSL",2,2,1,"Occasional",12,68.95,"No",0
"5748-RNCJT","Male",20,"No","No",69,2,"Fiber optic",0,3,3,"Occasional",24,106.5,"Yes",0
"7245-JMTTQ","Female",26,"No","No",51,2,"Fiber optic",2,3,3,"Occasional",12,111.5,"No",0
"4255-DDUOU","Female",19,"Yes","Yes",1,1,"No",0,1,0,"Occasional",1,20.5,"Yes",0
"0134-XWXCE","Female",74,"No","No",44,1,"DSL",0,3,3,"Occasional",12,74.85,"No",0
"2703-AMTUL","Male",26,"Yes","Yes",36,1,"No",3,2,0,"Occasional",12,53.65,"No",0
"1627-AFWVJ","Female",38,"No","No",29,1,"No",0,1,0,"Occasional",24,19.4,"No",0
"2141-RRYGO","Female",36,"No","No",4,1,"No",2,2,3,"Frequent",1,68.65,"Yes",0
"4716-MRVEN","Female",42,"No","No",29,1,"No",0,1,0,"Occasional",12,20,"No",0
"5339-PXDVH","Male",30,"No","No",4,2,"Fiber optic",1,2,1,"Occasional",1,90.65,"No",0
"0471-ARVMX","Female",89,"Yes","No",62,2,"Fiber optic",1,2,3,"Occasional",12,104.85,"No",0
"6121-TNHBO","Female",84,"No","No",63,2,"DSL",3,3,1,"Occasional",12,83,"No",0
"9979-RGMZT","Female",43,"No","No",7,1,"Fiber optic",2,2,3,"Occasional",12,94.05,"No",0
"1929-ZCBHE","Male",60,"Yes","Yes",47,0,"DSL",1,3,0,"Occasional",12,40.3,"No",0
"5351-QESIO","Male",48,"No","No",1,0,"DSL",0,2,0,"Occasional",1,24.2,"No",0
"6479-OAUSD","Male",41,"No","No",25,1,"5G",0,1,0,"Occasional",12,19.9,"No",0
"2832-SCUCO","Female",43,"No","No",2,1,"No",0,1,0,"Occasional",1,19.9,"No",0
"3831-YCPUO","Female",44,"Yes","Yes",72,1,"Fiber optic",3,3,3,"Occasional",24,109.5,"No",0
"1215-VFYVK","Female",21,"No","No",4,1,"No",1,3,2,"Occasional",1,48.25,"No",0
"5208-FVQKB","Male",21,"Yes","No",70,1,"DSL",3,3,2,"Occasional",24,67.95,"No",0
"6199-IPCAO","Female",19,"Yes","Yes",29,2,"No",0,1,0,"Occasional",24,26.1,"No",0
"7609-NRNCA","Female",22,"No","No",17,1,"No",0,1,0,"Occasional",12,19.55,"No",0
"3936-QQFLL","Male",37,"No","No",2,1,"No",0,1,0,"Occasional",1,19.75,"No",0
"4526-RMTLL","Male",45,"Yes","Yes",8,2,"DSL",3,3,2,"Occasional",24,76.15,"No",0
"4819-HJPIW","Male",22,"No","No",18,0,"DSL",0,2,0,"Occasional",1,25.15,"No",0
"3791-LGQCY","Female",89,"Yes","No",56,2,"Fiber optic",0,2,3,"Frequent",1,100.65,"Yes",0
"2634-HCZGT","Male",73,"Yes","No",53,1,"No",1,3,0,"Occasional",12,60.05,"Yes",0
"3720-DBRWL","Male",41,"Yes","No",51,1,"DSL",3,3,3,"Occasional",24,83.85,"No",0
"8023-QHAIO","Female",82,"Yes","No",56,2,"Fiber optic",0,3,0,"Occasional",1,76.85,"No",0
"0674-EYYZV","Female",21,"No","No",1,1,"DSL",0,2,1,"Occasional",1,54.65,"No",0
"3536-IQCTX","Male",74,"Yes","No",32,2,"5G",0,2,2,"Frequent",1,85.3,"Yes",0
"1110-KYLGQ","Female",52,"No","No",63,1,"No",3,2,3,"Occasional",1,108.25,"No",0
"4060-LDNLU","Male",43,"No","No",7,2,"Fiber optic",0,2,3,"Occasional",1,96.2,"No",0
"6542-LWGXJ","Male",59,"No","No",3,0,"DSL",0,2,0,"Occasional",1,25,"No",0
"8510-TMWYB","Female",23,"Yes","Yes",54,2,"DSL",2,2,0,"Occasional",24,59.8,"No",0
"2794-XIMMO","Male",36,"Yes","No",53,0,"DSL",2,3,3,"Occasional",12,60.45,"Yes",0
"2522-AHJXR","Male",43,"Yes","No",60,2,"Fiber optic",1,3,3,"Occasional",1,109.45,"No",0
"6257-RJOHI","Male",49,"No","No",4,1,"DSL",0,3,0,"Occasional",1,50.8,"No",0
"5087-SUURX","Female",45,"No","No",18,0,"DSL",0,2,1,"Frequent",1,39.05,"Yes",0
"7993-NQLJE","Male",64,"Yes","Yes",15,2,"No",1,2,0,"Occasional",1,75.1,"No",0
"5310-NOOVA","Male",47,"No","No",46,1,"No",0,1,0,"Occasional",24,19.95,"No",0
"8752-STIVR","Female",35,"No","No",4,1,"Fiber optic",0,2,1,"Frequent",1,79,"Yes",0
"6502-KUGLL","Female",61,"Yes","Yes",14,1,"DSL",3,3,0,"Occasional",1,59.45,"No",0
"3765-JXVKY","Female",48,"No","No",1,1,"Fiber optic",2,2,0,"Frequent",1,74.7,"Yes",0
"5134-IKDAY","Female",49,"Yes","Yes",1,1,"Fiber optic",0,2,0,"Frequent",1,69.8,"Yes",0
"0330-IVZHA","Female",42,"Yes","No",5,1,"5G",0,2,0,"Frequent",1,69.95,"Yes",0
"2558-BUOZZ","Male",46,"No","No",47,2,"Fiber optic",3,2,1,"Occasional",12,94.8,"No",0
"4106-HADHQ","Male",31,"Yes","Yes",39,1,"DSL",1,3,3,"Occasional",12,80,"Yes",0
"2982-VPSGI","Female",59,"Yes","No",11,2,"Fiber optic",0,2,3,"Frequent",1,94,"Yes",0
"0536-ACXIP","Female",64,"Yes","No",72,1,"No",3,2,3,"Occasional",24,109.55,"No",0
"9938-ZREHM","Female",49,"Yes","No",37,2,"DSL",2,3,2,"Occasional",12,72.1,"No",0
"8999-YPYBV","Male",23,"Yes","Yes",45,1,"5G",3,3,3,"Occasional",24,84.35,"No",0
"3842-QTGDL","Male",26,"Yes","No",16,1,"Fiber optic",3,2,0,"Occasional",1,80.75,"No",0
"3813-DHBBB","Male",43,"No","No",67,0,"5G",3,3,2,"Occasional",24,50.95,"No",0
"4806-DXQCE","Female",81,"Yes","No",70,1,"No",3,3,3,"Occasional",24,113.65,"No",0
"7173-TETGO","Female",75,"Yes","No",72,2,"Fiber optic",1,2,0,"Occasional",24,78.5,"No",0
"4633-MKHYU","Female",30,"No","No",9,1,"Fiber optic",0,2,3,"Occasional",1,88.4,"No",0
"9866-QEVEE","Male",62,"No","No",19,2,"5G",0,2,2,"Frequent",1,86,"Yes",0
"7780-OTDSO","Male",37,"Yes","No",18,1,"No",1,2,3,"Frequent",1,99.4,"Yes",0
"1299-AURJA","Female",61,"No","No",70,2,"5G",0,1,0,"Occasional",24,24.7,"No",0
"4994-OBRSZ","Male",52,"No","Yes",14,1,"DSL",3,3,2,"Occasional",24,76.1,"No",0
"5909-ECHUI","Female",54,"No","No",1,1,"DSL",0,2,2,"Frequent",1,56.25,"Yes",0
"6474-FVJLC","Male",27,"No","No",2,2,"5G",0,2,2,"Frequent",1,86,"Yes",0
"2342-CKIAO","Female",63,"No","No",2,1,"No",0,1,0,"Occasional",1,20.3,"No",0
"8443-WVPSS","Male",36,"No","No",10,1,"Fiber optic",2,3,3,"Occasional",1,99.85,"Yes",0
"4016-BJKTZ","Female",19,"No","No",25,2,"No",2,3,3,"Occasional",24,108.9,"No",0
"4231-LZUYM","Female",52,"No","No",72,1,"No",0,1,0,"Occasional",24,25.65,"No",0
"2391-SOORI","Male",32,"No","Yes",4,1,"DSL",1,2,0,"Frequent",1,49.35,"Yes",0
"5734-EJKXG","Female",30,"No","No",61,2,"Fiber optic",3,3,3,"Occasional",12,118.6,"No",0
"0617-FHSGK","Male",21,"No","Yes",49,1,"No",0,2,0,"Frequent",1,75.2,"Yes",0
"6527-PZFPV","Male",62,"No","No",24,1,"No",0,1,0,"Occasional",12,20.8,"No",0
"9614-RMGHA","Male",48,"No","No",65,2,"5G",2,2,1,"Frequent",1,91.85,"Yes",0
"7103-IPXPJ","Male",23,"Yes","No",50,2,"Fiber optic",0,3,3,"Occasional",12,99.4,"No",0
"8241-JUIQO","Female",38,"No","No",61,1,"No",0,1,0,"Occasional",12,19.45,"No",0
"5777-ZPQNC","Female",22,"No","No",12,1,"5G",0,1,0,"Occasional",12,20.15,"No",0
"0397-GZBBC","Male",83,"Yes","No",59,1,"DSL",0,2,3,"Frequent",1,93.85,"Yes",0
"8084-OIVBS","Female",19,"No","No",11,2,"No",0,1,0,"Occasional",12,20,"No",0
"5673-FSSMF","Female",56,"No","No",1,2,"5G",0,2,2,"Frequent",1,60.15,"Yes",0
"4317-VTEOA","Male",33,"No","No",1,1,"DSL",2,2,0,"Frequent",1,50.75,"Yes",0
"2235-EZAIK","Female",63,"Yes","No",72,2,"DSL",3,3,1,"Occasional",24,79.2,"No",0
"7216-KAOID","Male",20,"Yes","Yes",41,1,"No",0,1,0,"Occasional",12,19.5,"No",0
"2961-VNFKL","Female",59,"No","No",71,2,"No",0,1,0,"Occasional",24,25.95,"No",0
"5519-YLDGW","Female",37,"Yes","No",21,1,"No",1,2,3,"Frequent",1,103.9,"Yes",0
"5975-BAICR","Male",53,"Yes","Yes",36,1,"DSL",1,2,2,"Occasional",12,63.7,"No",0
"5965-GGPRW","Male",50,"Yes","Yes",72,2,"Fiber optic",1,2,3,"Occasional",24,105.25,"No",0
"6429-SHBCB","Male",21,"No","No",19,1,"No",0,2,3,"Occasional",1,69.6,"No",0
"9730-DRTMJ","Male",39,"Yes","No",32,2,"DSL",1,3,1,"Occasional",12,72.8,"No",0
"9839-ETQOE","Male",55,"No","Yes",43,0,"DSL",3,2,0,"Occasional",1,40.45,"No",0
"0971-QIFJK","Female",59,"No","No",69,2,"5G",0,1,0,"Occasional",24,24.25,"No",0
"0612-RTZZA","Female",19,"No","No",1,0,"DSL",0,2,0,"Frequent",1,25.25,"Yes",0
"2951-QOQTK","Male",44,"No","Yes",4,2,"5G",0,3,0,"Occasional",1,80.8,"Yes",0
"2236-HILPA","Male",19,"Yes","Yes",62,1,"No",0,1,0,"Occasional",24,20.65,"No",0
"6362-QHAFM","Male",58,"Yes","No",42,2,"5G",0,3,3,"Occasional",12,108.3,"No",0
"8777-MBMTS","Female",84,"Yes","No",65,1,"Fiber optic",2,3,3,"Occasional",24,105.85,"No",0
"3096-YXENJ","Female",41,"Yes","No",65,2,"No",2,3,3,"Occasional",24,107.65,"No",0
"2096-XOTMO","Female",41,"No","No",16,1,"No",0,1,0,"Occasional",1,19.35,"No",0
"6377-WHAOX","Female",58,"Yes","No",60,2,"Fiber optic",2,2,3,"Occasional",1,106.15,"No",0
"1205-WNWPJ","Female",56,"No","No",7,1,"5G",0,3,1,"Occasional",1,59.5,"Yes",0
"3719-TDVQB","Female",57,"No","No",54,1,"No",0,1,0,"Occasional",24,18.95,"No",0
"5968-HYJRZ","Male",46,"No","No",47,1,"DSL",0,1,0,"Occasional",24,24.55,"No",0
"5018-GWURO","Female",55,"Yes","No",56,2,"Fiber optic",0,2,1,"Occasional",1,85.6,"No",0
"6711-FLDFB","Female",34,"No","No",7,2,"Fiber optic",0,2,0,"Frequent",1,74.9,"Yes",0
"7481-ATQQS","Female",86,"No","No",49,2,"Fiber optic",0,2,2,"Frequent",1,90.85,"Yes",0
"0064-YIJGF","Male",38,"Yes","Yes",27,2,"Fiber optic",0,2,0,"Occasional",1,75.75,"No",0
"4670-TABXH","Male",64,"Yes","No",72,2,"Fiber optic",2,3,3,"Occasional",24,109.75,"No",0
"6873-UDNLD","Male",24,"No","No",40,1,"DSL",1,2,2,"Occasional",1,67.45,"No",0
"0794-YVSGE","Male",51,"No","No",72,1,"5G",0,1,0,"Occasional",24,20.3,"No",0
"5668-MEISB","Female",39,"Yes","Yes",72,2,"5G",3,3,1,"Occasional",24,106.1,"No",0
"7926-IJOOU","Male",55,"No","No",1,1,"No",0,1,0,"Occasional",1,19.3,"No",0
"9003-CPATH","Male",40,"No","No",42,2,"Fiber optic",0,2,0,"Occasional",1,79.9,"No",0
"5414-OFQCB","Male",27,"No","No",57,2,"5G",0,3,1,"Occasional",24,90.45,"No",0
"1964-SVLEA","Male",22,"No","No",20,1,"5G",0,1,0,"Occasional",12,19.7,"No",0
"3521-SYVOR","Female",22,"No","No",37,1,"DSL",0,2,3,"Frequent",1,64.75,"Yes",0
"6847-KJLTS","Female",87,"Yes","No",58,2,"Fiber optic",0,3,3,"Occasional",1,100.4,"No",0
"2180-DXNEG","Female",57,"No","No",12,1,"Fiber optic",0,2,3,"Frequent",1,96,"Yes",0
"2819-GWENI","Female",62,"No","No",28,1,"No",0,1,0,"Occasional",12,19.9,"No",0
"3503-TYDAY","Female",54,"Yes","No",43,2,"5G",2,2,0,"Occasional",1,80.45,"No",0
"8544-JNBOX","Male",51,"No","No",72,1,"No",0,1,0,"Occasional",24,20.8,"No",0
"5423-BHIXO","Female",19,"No","No",32,2,"5G",2,2,0,"Occasional",1,54.2,"No",0
"8631-XVRZL","Male",59,"No","No",9,1,"No",0,1,0,"Occasional",12,20.15,"No",0
"4625-XMOYM","Female",19,"Yes","Yes",72,2,"No",0,1,0,"Occasional",24,26.25,"No",0
"5804-JMYIO","Female",19,"Yes","Yes",39,1,"No",0,1,0,"Occasional",24,19.75,"No",0
"1442-BQPVU","Female",54,"No","No",13,0,"DSL",2,2,0,"Occasional",1,29.15,"No",0
"7356-AYNJP","Female",38,"No","No",4,2,"No",0,1,0,"Occasional",12,23.9,"No",0
"2256-YLYLP","Male",61,"Yes","Yes",68,1,"DSL",0,3,3,"Occasional",24,72.95,"No",0
"0613-WUXUM","Female",48,"No","No",70,1,"No",0,1,0,"Occasional",24,19.2,"No",0
"6734-GMPVK","Male",33,"No","No",5,2,"5G",2,2,3,"Occasional",1,105.3,"No",0
"5505-OVWQW","Female",61,"No","No",17,1,"No",0,1,0,"Occasional",12,20.15,"No",0
"2267-WTPYD","Female",81,"Yes","No",57,2,"Fiber optic",2,2,2,"Occasional",1,94,"No",0
"5271-DBYSJ","Male",80,"No","No",11,1,"Fiber optic",0,2,2,"Occasional",1,79.15,"No",0
"4745-LSPLO","Male",55,"No","No",1,1,"No",0,1,0,"Occasional",1,20.5,"Yes",0
"1399-UBQIU","Male",38,"No","No",11,1,"5G",0,2,3,"Occasional",1,69.35,"No",0
"7581-EBBOU","Female",46,"No","No",60,1,"DSL",2,3,1,"Occasional",12,70.15,"No",0
"2792-LSHWX","Female",45,"No","No",1,1,"No",3,3,0,"Occasional",1,83.4,"No",0
"8276-MQBYC","Male",67,"No","No",51,1,"No",0,2,3,"Frequent",1,97.8,"Yes",0
"6732-FZUGP","Female",43,"No","No",47,2,"5G",1,2,1,"Occasional",12,94.9,"No",0
"2070-XYMFH","Female",90,"No","No",23,2,"5G",0,2,0,"Occasional",1,79.35,"No",0
"5980-BDHPY","Male",28,"Yes","No",72,2,"5G",3,3,3,"Occasional",24,87.1,"No",0
"8348-HFYIV","Male",58,"No","No",2,1,"No",0,2,3,"Frequent",1,49.25,"Yes",0
"7794-JASDG","Male",37,"No","No",1,1,"DSL",1,2,0,"Occasional",1,50.75,"No",0
"7268-WNTCP","Male",64,"No","No",62,1,"No",0,1,0,"Occasional",24,20.45,"No",0
"1872-EBWSC","Female",57,"No","No",29,1,"No",0,1,0,"Occasional",12,20.35,"No",0
"9086-YJYXS","Male",59,"No","No",34,1,"No",0,2,3,"Occasional",12,77.2,"No",0
"4193-IBKSW","Male",49,"No","No",72,2,"DSL",0,1,0,"Occasional",24,24.75,"No",0
"3523-QRQLL","Female",44,"Yes","Yes",22,1,"No",2,2,3,"Frequent",12,69.5,"Yes",0
"0897-FEGMU","Female",47,"Yes","No",11,1,"No",0,2,3,"Frequent",1,99.5,"Yes",0
"3415-TAILE","Female",21,"Yes","Yes",2,1,"DSL",0,2,3,"Frequent",1,65.7,"Yes",0
"9708-HPXWZ","Male",71,"No","No",5,0,"DSL",0,3,1,"Occasional",1,45.4,"No",0
"5027-QPKTE","Male",35,"Yes","No",7,1,"No",0,2,0,"Frequent",1,69.35,"Yes",0
"4119-ZYPZY","Male",86,"No","No",71,2,"Fiber optic",2,3,3,"Occasional",24,106.8,"No",0
"2599-CZABP","Male",19,"Yes","No",14,1,"DSL",0,2,0,"Occasional",12,44.6,"No",0
"3995-WFCSM","Female",56,"No","No",2,1,"5G",0,2,2,"Occasional",1,60.85,"No",0
"4636-JGAAI","Male",26,"Yes","No",34,2,"Fiber optic",2,2,2,"Occasional",1,88.85,"No",0
"7197-VOJMM","Male",63,"No","No",67,1,"No",3,3,2,"Occasional",24,69.2,"No",0
"1757-TCATG","Male",35,"No","No",35,1,"No",0,1,0,"Occasional",12,20.05,"No",0
"8387-UGUSU","Female",21,"Yes","Yes",15,1,"No",0,1,0,"Occasional",1,20.05,"No",0
"0487-CRLZF","Female",60,"No","No",49,1,"DSL",0,3,3,"Occasional",24,74.45,"No",0
"8952-WCVCD","Female",59,"No","No",41,1,"5G",3,2,3,"Occasional",12,104.45,"No",0
"3001-UNBTL","Male",76,"Yes","Yes",29,2,"Fiber optic",0,2,3,"Occasional",1,103.95,"No",0
"4424-TKOPW","Male",85,"No","No",2,2,"Fiber optic",0,2,3,"Frequent",1,93.85,"Yes",0
"7449-HVPIV","Male",54,"Yes","Yes",55,2,"DSL",0,2,1,"Occasional",1,90.4,"No",0
"6096-EGVTU","Female",52,"No","No",64,2,"No",0,1,0,"Occasional",12,24.9,"No",0
"2293-IJWPS","Female",19,"Yes","No",57,2,"5G",0,2,3,"Occasional",12,100.75,"No",0
"9402-ORRAH","Female",66,"No","No",15,1,"Fiber optic",0,2,3,"Occasional",1,91.5,"No",0
"1353-LJWEM","Male",20,"No","No",11,1,"DSL",2,3,0,"Occasional",1,60.9,"No",0
"5197-PYEPU","Female",59,"Yes","Yes",42,2,"5G",3,2,1,"Occasional",12,94.45,"No",0
"1184-PJVDB","Male",35,"Yes","No",10,1,"5G",0,2,1,"Frequent",1,79.95,"Yes",0
"9067-YGSCA","Female",57,"No","No",70,1,"No",0,1,0,"Occasional",12,26.05,"No",0
"4751-ERMAN","Male",31,"Yes","Yes",72,1,"5G",2,2,3,"Occasional",24,75.4,"No",0
"0455-XFASS","Female",28,"Yes","Yes",3,1,"5G",0,2,0,"Occasional",1,69.55,"No",0
"7658-UYUQS","Male",78,"Yes","No",21,1,"Fiber optic",0,2,1,"Occasional",1,86.55,"No",0
"1444-VVSGW","Male",48,"Yes","No",70,2,"Fiber optic",3,3,3,"Occasional",12,115.65,"Yes",0
"9013-AQORL","Female",29,"No","Yes",48,0,"DSL",2,2,2,"Occasional",1,45.55,"No",0
"9206-GVPEQ","Male",52,"Yes","No",13,1,"No",1,3,3,"Occasional",1,54.45,"Yes",0
"8807-ARQET","Female",39,"No","No",41,0,"5G",2,2,2,"Occasional",1,40.35,"No",0
"3235-ETOOB","Male",23,"Yes","No",8,1,"Fiber optic",1,2,0,"Frequent",1,74.5,"Yes",0
"8571-ZCMCX","Female",20,"Yes","Yes",47,0,"DSL",3,2,3,"Occasional",24,60,"No",0
"6298-QDFNH","Male",28,"No","No",22,2,"5G",2,2,0,"Frequent",1,79.35,"Yes",0
"4660-IRIBM","Male",21,"Yes","Yes",18,1,"5G",1,2,1,"Occasional",1,87.9,"No",0
"2405-LBMUW","Female",52,"Yes","Yes",61,0,"DSL",3,3,2,"Occasional",12,50.7,"No",0
"9565-DJPIB","Female",41,"No","Yes",4,1,"No",2,2,1,"Frequent",1,89.6,"Yes",0
"3638-VBZTA","Male",56,"No","Yes",68,2,"5G",3,3,3,"Occasional",24,86.5,"No",0
"5442-BHQNG","Female",39,"No","No",2,1,"Fiber optic",0,2,0,"Occasional",1,70.35,"No",0
"2927-QRRQV","Male",61,"Yes","No",46,2,"5G",2,2,1,"Occasional",12,94.65,"No",0
"8336-TAVKX","Female",71,"Yes","No",72,1,"No",3,3,2,"Occasional",24,78.45,"No",0
"1194-HVAIF","Female",64,"Yes","No",27,2,"Fiber optic",0,2,3,"Occasional",1,95,"No",0
"3400-ESFUW","Male",56,"Yes","Yes",55,1,"DSL",3,3,0,"Occasional",24,57.55,"Yes",0
"0057-QBUQH","Female",54,"No","No",43,2,"No",0,1,0,"Occasional",24,25.1,"No",0
"9609-BENEA","Male",62,"Yes","No",35,2,"DSL",2,3,1,"Occasional",12,69,"No",0
"5989-AXPUC","Female",40,"Yes","No",68,2,"Fiber optic",3,3,3,"Occasional",24,118.6,"No",0
"6169-PGNCD","Female",51,"No","No",57,1,"DSL",3,3,1,"Occasional",24,74.3,"No",0
"0378-CJKPV","Female",26,"Yes","No",72,2,"Fiber optic",3,3,3,"Occasional",24,112.1,"No",0
"4717-GHADL","Female",51,"No","No",50,1,"No",2,3,3,"Occasional",24,79.6,"No",0
"3190-ITQXP","Female",22,"Yes","Yes",46,1,"No",0,1,0,"Occasional",24,20.25,"No",0
"8450-UYIBU","Female",46,"No","No",35,0,"DSL",0,2,1,"Occasional",1,39.85,"No",0
"6500-JVEGC","Male",51,"No","No",68,2,"Fiber optic",3,2,1,"Occasional",12,101.35,"No",0
"1543-LLLFT","Male",89,"Yes","No",61,2,"5G",2,3,1,"Occasional",12,98.3,"No",0
"6922-NCEDI","Male",19,"No","Yes",56,1,"5G",0,1,0,"Occasional",12,21.2,"No",0
"4831-EOBFE","Male",61,"Yes","Yes",29,1,"DSL",1,2,3,"Frequent",1,94.65,"Yes",0
"8541-QVFKM","Female",36,"No","No",8,2,"Fiber optic",0,2,0,"Occasional",1,73.5,"No",0
"4501-UYKBC","Female",72,"No","No",46,2,"DSL",0,3,2,"Occasional",12,69.1,"No",0
"3349-ANQNH","Female",80,"No","No",59,2,"Fiber optic",0,2,3,"Occasional",12,99.5,"No",0
"8042-JVNFH","Male",47,"No","No",1,1,"Fiber optic",0,2,0,"Frequent",1,71.35,"Yes",0
"6976-BWGLQ","Female",37,"No","No",72,2,"No",0,1,0,"Occasional",24,25.2,"No",0
"3084-DOWLE","Female",60,"No","No",72,2,"5G",3,3,3,"Occasional",24,92,"No",0
"7493-GVFIO","Male",21,"No","No",57,1,"No",0,1,0,"Occasional",24,20.55,"No",0
"9128-CPXKI","Female",57,"No","No",59,1,"Fiber optic",0,2,3,"Occasional",24,95.8,"No",0
"5370-IIVVL","Male",45,"No","No",37,2,"5G",2,3,3,"Occasional",12,104.5,"No",0
"9110-HSGTV","Female",51,"No","No",69,1,"DSL",1,3,3,"Occasional",24,82.45,"No",0
"8706-HRADD","Male",64,"No","No",21,0,"DSL",1,3,1,"Occasional",1,43.55,"No",0
"9355-NPPFS","Female",78,"No","No",26,1,"Fiber optic",0,2,2,"Occasional",1,78.8,"No",0
"3896-RCYYE","Female",45,"No","No",67,0,"DSL",0,3,3,"Occasional",1,53.4,"No",0
"5850-BDWCY","Female",41,"No","No",6,1,"No",0,1,0,"Occasional",1,20.2,"No",0
"6874-SGLHU","Male",41,"No","No",30,1,"Fiber optic",2,2,3,"Occasional",12,97,"No",0
"1406-PUQVY","Male",34,"No","Yes",1,1,"No",2,2,0,"Occasional",1,49.9,"No",0
"0447-RXSGD","Male",22,"No","No",24,1,"No",2,2,3,"Occasional",1,99.65,"No",0
"6386-SZZKH","Female",58,"Yes","Yes",49,2,"Fiber optic",2,3,3,"Occasional",24,107.95,"Yes",0
"0727-IWKVK","Male",19,"Yes","No",9,1,"Fiber optic",2,2,0,"Frequent",1,79.9,"Yes",0
"6980-IMXXE","Female",20,"Yes","Yes",69,1,"5G",0,1,0,"Occasional",24,20.2,"No",0
"6650-BWFRT","Female",48,"Yes","No",72,2,"5G",3,3,3,"Occasional",24,117.15,"No",0
"1309-BXVOQ","Male",53,"Yes","No",21,2,"Fiber optic",0,3,3,"Occasional",1,106.1,"Yes",0
"2229-DPMBI","Female",39,"No","No",8,1,"No",0,1,0,"Occasional",24,19.5,"No",0
"0727-BNRLG","Male",39,"No","No",69,2,"DSL",2,3,1,"Occasional",24,97.65,"No",0
"3845-JHAMY","Female",19,"Yes","Yes",16,0,"5G",0,2,2,"Occasional",1,35.5,"No",0
"2403-BCASL","Male",65,"Yes","Yes",41,2,"Fiber optic",2,3,3,"Occasional",12,111.95,"Yes",0
"2155-AMQRX","Female",29,"No","No",28,2,"5G",0,3,0,"Occasional",1,54.9,"No",0
"0083-PIVIK","Male",32,"No","No",64,2,"DSL",3,3,1,"Occasional",12,81.25,"No",0
"3640-PHQXK","Female",58,"No","No",31,2,"Fiber optic",0,2,2,"Frequent",1,89.9,"Yes",0
"9501-UKKNL","Male",36,"No","No",59,0,"DSL",0,3,3,"Occasional",1,51.7,"No",0
"8049-WJCLQ","Male",48,"Yes","Yes",10,1,"DSL",0,2,1,"Occasional",1,60.2,"No",0
"4626-GYCZP","Male",45,"No","No",7,1,"No",0,2,3,"Frequent",1,93.85,"Yes",0
"6894-LFHLY","Male",86,"No","No",1,2,"Fiber optic",0,2,0,"Occasional",1,75.75,"Yes",0
"0301-FIDRB","Female",32,"Yes","Yes",72,1,"No",3,3,3,"Occasional",24,63.8,"No",0
"6158-DWPZT","Male",48,"No","No",9,1,"No",0,2,0,"Frequent",12,24.1,"Yes",0
"8822-KNBHV","Female",51,"No","No",48,2,"DSL",3,2,3,"Occasional",12,83.45,"No",0
"6633-SYEUS","Female",63,"No","No",23,1,"Fiber optic",2,3,0,"Occasional",1,83.2,"No",0
"9139-TWBAS","Female",35,"Yes","No",26,1,"No",3,2,1,"Occasional",12,47.85,"No",0
"8992-JQYUN","Male",33,"Yes","No",1,0,"DSL",0,2,3,"Frequent",1,50.35,"Yes",0
"8237-ULIXL","Female",65,"No","No",72,1,"No",0,1,0,"Occasional",24,24.85,"No",0
"8129-GMVGI","Female",58,"No","No",56,1,"No",0,1,0,"Occasional",24,20.05,"No",0
"1830-GGFNM","Male",41,"Yes","Yes",65,2,"5G",3,3,0,"Occasional",24,94.55,"No",0
"0082-OQIQY","Male",60,"No","No",29,1,"Fiber optic",0,3,3,"Occasional",1,94.2,"No",0
"6624-JDRDS","Female",39,"No","No",6,0,"DSL",1,2,0,"Occasional",1,29.45,"No",0
"9631-RXVJM","Male",41,"No","No",35,1,"No",0,1,0,"Occasional",24,19.25,"No",0
"3296-SILRA","Female",71,"Yes","No",1,1,"Fiber optic",2,2,0,"Frequent",1,76.4,"Yes",0
"9548-ZMVTX","Male",58,"Yes","Yes",72,2,"5G",2,3,0,"Occasional",24,90.45,"No",0
"6629-CZTTH","Male",25,"No","No",1,1,"DSL",0,2,2,"Frequent",1,55.7,"Yes",0
"3771-PZOBW","Male",49,"No","No",20,2,"5G",0,2,1,"Occasional",1,90.7,"No",0
"7753-USQYQ","Male",32,"No","No",55,1,"DSL",2,3,2,"Occasional",12,64.2,"No",0
"5598-IKHQQ","Female",22,"No","No",72,1,"No",0,1,0,"Occasional",24,25.45,"No",0
"8510-AWCXC","Female",77,"No","No",13,2,"No",1,2,3,"Frequent",1,100.8,"Yes",0
"8035-PWSEV","Female",54,"No","No",6,1,"Fiber optic",0,3,2,"Occasional",1,89.25,"No",0
"1060-ENTOF","Female",66,"Yes","No",67,2,"5G",3,3,2,"Occasional",12,105.4,"No",0
"3194-ORPIK","Female",44,"Yes","Yes",50,2,"Fiber optic",0,2,1,"Occasional",1,84.4,"Yes",0
"1415-YFWLT","Female",66,"No","No",1,1,"Fiber optic",0,2,3,"Frequent",1,89.3,"Yes",0
"2108-XWMPY","Male",22,"No","No",3,0,"DSL",3,2,0,"Frequent",1,35.45,"Yes",0
"4576-CSAJH","Male",62,"No","No",22,1,"DSL",2,3,0,"Occasional",12,55.15,"Yes",0
"3662-FXJFO","Female",20,"No","No",54,1,"No",0,1,0,"Occasional",24,20.5,"No",0
"8746-OQQRW","Male",55,"No","No",4,2,"No",0,1,0,"Occasional",1,25.25,"No",0
"4560-WQAQW","Female",27,"No","No",59,2,"DSL",1,3,2,"Occasional",12,68.7,"No",0
"3926-CUQZX","Male",61,"No","No",1,1,"DSL",0,2,0,"Frequent",1,45.1,"Yes",0
"3137-LUPIX","Female",51,"No","No",4,2,"DSL",0,3,1,"Occasional",1,64.4,"No",0
"4184-TJFAN","Female",82,"Yes","Yes",3,1,"DSL",1,3,1,"Occasional",1,88.3,"Yes",0
"7636-XUHWW","Male",21,"No","No",2,1,"No",0,1,0,"Occasional",1,19.9,"No",0
"3642-GKTCT","Female",47,"No","No",61,2,"Fiber optic",3,3,3,"Occasional",12,115.1,"No",0
"5862-BRIXZ","Male",36,"No","No",46,0,"DSL",1,3,3,"Occasional",24,60.75,"No",0
"6941-KXRRV","Female",81,"Yes","No",48,1,"DSL",2,2,2,"Occasional",12,58.95,"No",0
"6265-SXWBU","Male",31,"Yes","Yes",69,2,"5G",2,2,1,"Occasional",12,95.75,"No",0
"8087-LGYHQ","Male",62,"No","No",9,1,"5G",0,2,3,"Occasional",1,94.05,"No",0
"6486-LHTMA","Female",84,"Yes","No",31,2,"DSL",0,2,1,"Occasional",12,90.7,"No",0
"6726-WEXXK","Male",73,"Yes","No",27,2,"Fiber optic",1,2,0,"Occasional",12,85.9,"No",0
"4686-UXDML","Female",61,"No","No",21,2,"Fiber optic",2,2,3,"Occasional",1,99.85,"No",0
"6086-ESGRL","Female",19,"No","No",1,1,"Fiber optic",0,2,2,"Frequent",1,80.15,"Yes",0
"2193-SFWQW","Male",58,"Yes","Yes",72,1,"Fiber optic",3,3,3,"Occasional",24,111.95,"No",0
"9637-CDTKZ","Male",30,"Yes","No",72,2,"5G",3,3,3,"Occasional",24,114.1,"No",0
"7336-RLLRH","Male",27,"Yes","No",27,2,"5G",1,3,3,"Occasional",12,80.85,"No",0
"1785-BPHTP","Male",50,"Yes","Yes",28,1,"Fiber optic",0,2,1,"Occasional",1,85.45,"No",0
"8008-OTEZX","Female",65,"No","No",35,1,"No",0,1,0,"Occasional",12,19.65,"No",0
"8201-AAXCB","Male",41,"Yes","Yes",25,2,"5G",0,2,1,"Occasional",1,60.35,"No",0
"1945-XISKS","Female",45,"No","No",67,1,"No",0,1,0,"Occasional",24,19.65,"No",0
"8378-LKJAF","Male",19,"Yes","Yes",38,2,"5G",0,2,3,"Occasional",1,101.15,"No",0
"7854-FOKSF","Male",46,"No","No",1,1,"No",0,2,2,"Frequent",1,35.9,"Yes",0
"3508-VLHCZ","Female",44,"Yes","Yes",71,1,"No",3,3,3,"Occasional",24,90.55,"No",0
"2692-BUCFV","Male",81,"No","No",29,1,"5G",2,2,3,"Occasional",1,101.45,"No",0
"6032-IGALN","Female",21,"No","No",1,2,"No",0,2,0,"Frequent",1,25.1,"Yes",0
"7075-BNDVQ","Female",62,"No","No",4,1,"No",1,2,0,"Occasional",1,35,"No",0
"7940-UQQUG","Female",42,"Yes","Yes",64,2,"5G",1,3,3,"Occasional",12,104.4,"No",0
"3658-QQJYD","Male",31,"No","No",62,1,"5G",3,2,3,"Occasional",12,74.3,"No",0
"8382-SHQEH","Female",58,"Yes","No",8,2,"Fiber optic",0,2,2,"Frequent",1,84.9,"Yes",0
"0956-ACVZC","Female",32,"No","No",54,1,"Fiber optic",0,2,3,"Occasional",12,94.1,"No",0
"7248-VZQLC","Female",68,"No","No",47,2,"Fiber optic",2,2,0,"Frequent",1,85.2,"Yes",0
"3727-OVPRY","Male",60,"No","No",66,2,"No",0,1,0,"Occasional",12,25.7,"No",0
"2609-IAICY","Female",21,"No","No",1,2,"No",0,2,0,"Frequent",1,77.15,"Yes",0
"3259-QMXUN","Male",52,"Yes","No",58,1,"No",3,2,3,"Occasional",24,86.1,"No",0
"8261-GWDBQ","Female",68,"Yes","No",60,2,"Fiber optic",3,3,3,"Occasional",24,116.05,"No",0
"6023-GSSXW","Female",63,"Yes","No",69,1,"DSL",2,2,2,"Occasional",24,61.45,"No",0
"3736-BLEPA","Male",57,"No","No",28,1,"Fiber optic",2,3,1,"Occasional",12,91.25,"No",0
"5651-CPDND","Male",28,"No","No",10,1,"DSL",0,2,0,"Occasional",1,46,"No",0
"3486-NPGST","Female",49,"No","No",36,1,"DSL",0,1,0,"Occasional",12,19.55,"No",0
"4192-GORJT","Male",59,"Yes","No",5,1,"Fiber optic",0,2,3,"Frequent",1,94.45,"Yes",0
"8679-LZBMD","Male",21,"Yes","No",44,1,"Fiber optic",0,2,3,"Occasional",12,90.65,"No",0
"7181-OQCUT","Male",64,"No","No",21,2,"Fiber optic",1,2,3,"Occasional",1,103.85,"No",0
"6681-ZSEXG","Male",29,"Yes","No",56,2,"DSL",2,2,0,"Occasional",24,59.5,"No",0
"6173-GOLSU","Male",78,"Yes","No",67,2,"Fiber optic",0,2,3,"Occasional",1,94.65,"No",0
"5044-LRQAQ","Female",64,"Yes","No",7,1,"Fiber optic",0,2,0,"Occasional",1,69.2,"No",0
"7599-FKVXZ","Male",55,"No","No",42,2,"Fiber optic",0,3,3,"Occasional",1,106.15,"Yes",0
"1241-EZFMJ","Male",47,"No","No",61,2,"No",0,1,0,"Occasional",24,25.45,"No",0
"2378-VTKDH","Male",83,"Yes","No",65,2,"Fiber optic",2,2,3,"Occasional",1,104.35,"No",0
"3494-JCHRQ","Male",43,"No","No",1,1,"5G",0,2,0,"Frequent",1,70.05,"Yes",0
"3359-DSRKA","Female",57,"No","No",58,1,"No",0,1,0,"Occasional",24,19.85,"No",0
"5214-CHIWJ","Male",19,"No","No",27,1,"No",0,1,0,"Occasional",12,20.3,"No",0
"3810-DVDQQ","Female",61,"Yes","Yes",72,1,"No",3,3,3,"Occasional",24,117.6,"No",0
"4919-IKATY","Male",28,"Yes","Yes",5,2,"Fiber optic",1,2,0,"Frequent",1,84.5,"Yes",0
"8017-LXHFA","Female",76,"No","No",23,1,"5G",2,2,3,"Frequent",1,94.75,"Yes",0
"7353-YOWFP","Female",21,"No","No",7,1,"No",0,1,0,"Occasional",12,20.25,"No",0
"6326-MTTXK","Male",62,"No","No",8,2,"5G",2,2,3,"Frequent",1,100.85,"Yes",0
"6166-ILMNY","Female",40,"No","No",2,1,"5G",0,2,0,"Occasional",1,69.75,"Yes",0
"7890-VYYWG","Male",75,"Yes","No",3,1,"No",0,2,1,"Frequent",1,36.45,"Yes",0
"6695-AMZUF","Female",59,"Yes","No",70,1,"DSL",3,3,3,"Occasional",24,86.45,"No",0
"4826-TZEVA","Female",31,"No","No",40,1,"Fiber optic",2,2,0,"Occasional",1,74.8,"No",0
"5402-HTOTQ","Male",30,"No","No",16,2,"No",2,2,0,"Occasional",1,55.3,"No",0
"2453-SAFNS","Female",82,"No","No",54,2,"DSL",2,3,1,"Occasional",12,72.1,"No",0
"3211-AAPKX","Male",52,"No","No",20,2,"5G",0,3,3,"Occasional",1,98.55,"No",0
"2887-JPYLU","Female",24,"No","Yes",41,1,"DSL",0,2,0,"Occasional",1,45.2,"No",0
"6994-ORCWG","Female",24,"No","No",14,2,"5G",2,2,0,"Occasional",12,54.25,"No",0
"8155-IBNHG","Female",61,"Yes","No",24,2,"Fiber optic",0,2,0,"Occasional",1,75.4,"Yes",0
"3824-RHKVR","Female",51,"No","No",17,1,"No",0,1,0,"Occasional",1,19.7,"No",0
"3988-RQIXO","Female",71,"No","No",1,1,"5G",0,2,3,"Frequent",1,91.3,"Yes",0
"9917-KWRBE","Female",23,"Yes","Yes",41,2,"DSL",3,2,1,"Occasional",12,78.35,"No",0
"1898-JSNDC","Female",37,"No","No",39,1,"No",2,2,1,"Occasional",12,58.6,"No",0
"3398-ZOUAA","Male",69,"Yes","No",21,1,"Fiber optic",0,2,0,"Frequent",1,69.1,"Yes",0
"0380-NEAVX","Male",84,"No","No",34,1,"5G",2,2,3,"Occasional",12,99.85,"No",0
"1045-LTCYT","Female",21,"Yes","Yes",8,1,"No",0,1,0,"Occasional",1,21.05,"No",0
"1494-EJZDW","Female",54,"No","No",10,1,"No",0,1,0,"Occasional",24,20.15,"No",0
"7927-AUXBZ","Female",47,"No","No",30,1,"5G",0,3,1,"Occasional",1,85.15,"Yes",0
"0484-JPBRU","Male",57,"No","No",41,2,"No",0,1,0,"Occasional",1,25.25,"No",0
"2237-ZFSMY","Female",61,"No","No",39,1,"Fiber optic",1,3,1,"Occasional",12,95.55,"Yes",0
"3030-YZADT","Male",31,"No","No",9,1,"No",0,2,0,"Frequent",1,44.95,"Yes",0
"9931-DCEZH","Male",29,"No","Yes",28,1,"No",2,3,0,"Occasional",12,54.4,"No",0
"9752-ZNQUT","Female",58,"No","No",1,1,"DSL",2,2,0,"Occasional",1,48.6,"No",0
"4335-UPJSI","Female",22,"No","Yes",24,1,"5G",0,1,0,"Occasional",24,19.75,"No",0
"2828-SLQPF","Male",22,"No","No",19,1,"DSL",0,2,0,"Occasional",1,45,"No",0
"5149-QYTTU","Female",47,"Yes","Yes",71,2,"5G",3,3,0,"Occasional",12,95.15,"No",0
"6996-KNSML","Female",59,"No","No",1,1,"Fiber optic",0,2,0,"Frequent",1,74.9,"Yes",0
"3481-JHUZH","Male",63,"Yes","No",41,1,"No",2,2,0,"Occasional",1,80.25,"No",0
"6907-CQGPN","Male",60,"No","No",29,0,"DSL",2,3,0,"Occasional",1,34.3,"No",0
"3891-NLXJB","Male",25,"No","No",37,0,"DSL",3,3,0,"Occasional",24,40.55,"No",0
"1356-MKYSK","Male",54,"No","No",6,1,"DSL",1,3,3,"Occasional",1,78.65,"No",0
"2672-OJQZP","Female",60,"No","No",1,1,"DSL",0,2,0,"Occasional",1,44.75,"No",0
"0354-VXMJC","Male",50,"No","No",23,1,"5G",0,1,0,"Occasional",24,19.6,"No",0
"6302-JGYRJ","Male",49,"No","Yes",31,2,"DSL",2,3,3,"Occasional",12,79.45,"Yes",0
"0274-JKUJR","Male",42,"Yes","Yes",7,0,"5G",3,2,3,"Occasional",1,58.85,"No",0
"3071-MVJCD","Male",47,"Yes","Yes",72,2,"DSL",3,3,1,"Occasional",24,82.3,"No",0
"5331-RGMTT","Male",89,"Yes","No",54,2,"Fiber optic",0,2,3,"Occasional",1,99.05,"No",0
"5346-BZCHP","Female",20,"Yes","Yes",69,1,"5G",0,1,0,"Occasional",24,19.4,"No",0
"0626-QXNGV","Female",62,"No","No",72,2,"No",0,1,0,"Occasional",24,24.15,"No",0
"1352-VHKAJ","Male",27,"Yes","Yes",27,2,"5G",0,3,3,"Occasional",1,71.6,"No",0
"9036-CSKBW","Female",62,"No","No",51,2,"5G",3,2,3,"Occasional",12,107.45,"No",0
"8182-PNAGI","Male",34,"No","No",12,1,"DSL",0,3,0,"Occasional",1,50.25,"Yes",0
"8999-EXMNO","Female",62,"No","No",19,1,"No",0,1,0,"Occasional",24,20.15,"No",0
"3453-RTHJQ","Male",34,"No","No",6,1,"Fiber optic",0,2,0,"Occasional",1,69.1,"No",0
"2995-YWTCD","Female",22,"Yes","Yes",19,2,"No",0,1,0,"Occasional",24,24.9,"No",0
"9278-VZKCD","Female",71,"Yes","No",52,2,"Fiber optic",3,2,3,"Occasional",1,109.1,"No",0
"9207-ZPANB","Male",35,"No","No",37,2,"DSL",3,3,0,"Occasional",12,67.45,"No",0
"7734-DBOAI","Female",51,"No","No",1,0,"DSL",0,3,1,"Occasional",1,40.1,"Yes",0
"5343-SGUBI","Female",25,"No","No",52,2,"Fiber optic",2,2,0,"Occasional",12,80.2,"No",0
"8818-DOPVL","Female",78,"No","No",46,2,"Fiber optic",2,2,3,"Occasional",1,104.45,"No",0
"0431-APWVY","Female",19,"Yes","Yes",28,2,"No",0,2,3,"Frequent",12,90.1,"Yes",0
"0608-JDVEC","Male",22,"Yes","No",50,1,"No",0,1,0,"Occasional",24,19.8,"No",0
"5159-YFPKQ","Female",63,"No","No",2,1,"5G",0,2,0,"Frequent",1,75.8,"Yes",0
"8016-NCFVO","Male",68,"No","No",55,2,"Fiber optic",3,3,3,"Occasional",1,116.5,"No",0
"7957-RYHQD","Female",79,"No","No",40,1,"Fiber optic",3,2,0,"Frequent",1,79.2,"Yes",0
"1661-CZBAU","Male",59,"No","No",48,2,"5G",1,3,2,"Occasional",12,70.95,"No",0
"1053-MXTTK","Female",55,"Yes","Yes",72,1,"Fiber optic",3,3,3,"Occasional",24,108.65,"No",0
"0749-IRGQE","Female",86,"Yes","No",13,0,"DSL",0,2,3,"Occasional",1,45.3,"No",0
"3617-XLSGQ","Female",52,"Yes","Yes",66,1,"No",3,2,3,"Occasional",24,109.25,"No",0
"2277-DJJDL","Male",78,"Yes","No",60,1,"DSL",0,3,3,"Occasional",1,99,"No",0
"2379-ENZGV","Male",53,"No","No",6,1,"Fiber optic",2,2,1,"Occasional",1,84.85,"Yes",0
"4116-IQRFR","Male",45,"No","No",4,2,"No",0,1,0,"Occasional",12,24.1,"No",0
"6217-TOWGS","Female",31,"Yes","No",17,2,"DSL",2,2,3,"Occasional",1,75.4,"No",0
"2969-WGHQO","Female",28,"Yes","Yes",7,1,"DSL",3,2,1,"Occasional",12,69.45,"No",0
"5196-WPYOW","Male",27,"Yes","Yes",67,1,"DSL",3,3,0,"Occasional",12,60.05,"No",0
"0744-BIKKF","Male",36,"No","No",72,2,"5G",3,3,3,"Occasional",24,86.65,"No",0
"2067-QYTCF","Female",46,"Yes","No",64,2,"Fiber optic",2,3,3,"Occasional",1,111.15,"No",0
"2229-VWQJH","Female",56,"No","No",24,1,"No",0,2,0,"Occasional",1,49.3,"No",0
"4836-WNFNO","Female",63,"No","No",72,2,"5G",0,1,0,"Occasional",24,25,"No",0
"4597-ELFTS","Male",21,"No","No",56,2,"No",0,1,0,"Occasional",12,24.9,"Yes",0
"2606-PKWJB","Male",42,"No","Yes",40,1,"No",3,3,0,"Occasional",12,40.25,"No",0
"3345-JHUEO","Male",22,"No","No",4,1,"No",0,1,0,"Occasional",1,20.2,"No",0
"7851-FLGGQ","Male",30,"No","No",1,0,"DSL",2,3,2,"Occasional",1,44.65,"Yes",0
"7777-UNYHB","Female",20,"Yes","Yes",12,1,"No",0,1,0,"Occasional",1,20.1,"No",0
"8062-YBDOE","Male",79,"No","No",1,1,"Fiber optic",0,2,0,"Frequent",1,69.65,"Yes",0
"5876-HZVZM","Female",61,"Yes","Yes",6,1,"DSL",3,2,0,"Frequent",1,55.9,"Yes",0
"7021-XSNYE","Male",62,"Yes","Yes",7,0,"5G",1,3,2,"Occasional",24,49.65,"No",0
"3118-UHVVQ","Female",21,"Yes","No",68,2,"No",0,1,0,"Occasional",24,25.8,"No",0
"3722-WPXTK","Male",44,"No","No",1,1,"5G",0,2,3,"Frequent",1,88.35,"Yes",0
"9194-GFVOI","Female",24,"Yes","No",42,1,"No",1,3,3,"Occasional",24,84.35,"No",0
"6741-EGCBI","Male",85,"No","No",30,2,"Fiber optic",1,2,2,"Occasional",1,90.5,"No",0
"1984-FCOWB","Female",32,"Yes","No",70,2,"Fiber optic",2,3,3,"Occasional",12,109.5,"Yes",0
"5049-MUBWG","Male",21,"No","No",26,1,"DSL",1,3,3,"Occasional",12,75,"No",0
"2049-BAFNW","Female",19,"No","No",1,0,"DSL",0,3,0,"Occasional",1,35.9,"No",0
"1078-TDCRN","Female",22,"Yes","No",3,0,"DSL",2,2,0,"Occasional",1,30.75,"No",0
"1485-YDHMM","Male",24,"Yes","Yes",52,2,"Fiber optic",2,3,2,"Occasional",1,93.25,"No",0
"7056-IMHCC","Male",84,"Yes","No",53,1,"No",2,2,3,"Frequent",1,101.9,"Yes",0
"3858-XHYJO","Female",60,"Yes","No",40,2,"Fiber optic",1,2,3,"Occasional",12,105.75,"No",0
"3354-OADJP","Female",26,"No","No",8,1,"5G",1,3,0,"Occasional",12,54.25,"No",0
"2324-EFHVG","Male",45,"No","No",64,2,"Fiber optic",2,2,3,"Occasional",24,104.4,"No",0
"9236-NDUCW","Female",62,"No","No",21,0,"DSL",1,3,0,"Occasional",24,35.1,"No",0
"0643-OKLRP","Female",67,"Yes","No",47,2,"Fiber optic",1,2,0,"Frequent",1,80.35,"Yes",0
"2586-CWXVV","Male",21,"Yes","No",54,0,"5G",2,2,0,"Occasional",1,30.4,"No",0
"9297-FVVDH","Female",48,"Yes","Yes",57,2,"5G",1,3,3,"Occasional",24,84.5,"No",0
"7088-FBAWU","Female",28,"Yes","Yes",17,1,"DSL",3,2,3,"Occasional",1,74.55,"No",0
"5006-MXVRN","Female",56,"No","No",39,1,"No",0,1,0,"Occasional",24,20.7,"No",0
"0746-JTRFU","Male",38,"No","No",2,0,"DSL",0,2,0,"Frequent",1,25.05,"Yes",0
"4274-DRSQT","Female",30,"No","No",66,2,"Fiber optic",2,2,1,"Occasional",12,88.9,"No",0
"4324-AHJKS","Female",55,"No","No",5,1,"DSL",1,2,0,"Occasional",1,55.8,"No",0
"8148-WOCMK","Male",19,"Yes","Yes",8,1,"No",0,1,0,"Occasional",24,19.6,"No",0
"1389-CXMLU","Male",79,"No","No",3,2,"Fiber optic",0,2,1,"Frequent",1,91.05,"Yes",0
"7164-BPTUT","Male",61,"No","Yes",57,2,"DSL",3,3,3,"Occasional",24,89.55,"No",0
"2664-XJZNO","Male",35,"Yes","Yes",72,1,"Fiber optic",1,3,3,"Occasional",24,104.9,"No",0
"1320-REHCS","Male",85,"No","No",52,2,"5G",2,3,3,"Occasional",1,110.75,"No",0
"8207-VVMYB","Female",45,"No","No",70,2,"No",0,1,0,"Occasional",24,26,"No",0
"5868-CZJDR","Male",48,"No","No",1,0,"5G",2,2,0,"Frequent",1,31.35,"Yes",0
"7964-ZRKKG","Male",30,"Yes","No",67,2,"Fiber optic",2,2,1,"Occasional",12,88.4,"No",0
"5590-BYNII","Male",42,"No","No",22,1,"No",1,2,3,"Frequent",1,100.75,"Yes",0
"2019-HDCZY","Male",64,"Yes","No",63,2,"Fiber optic",0,2,3,"Occasional",24,102.6,"No",0
"0463-TXOAK","Male",42,"No","No",52,2,"No",0,1,0,"Occasional",24,25.6,"No",0
"5044-XDPYX","Female",37,"No","No",51,1,"No",0,1,0,"Occasional",24,25.5,"No",0
"1069-XAIEM","Female",67,"No","No",1,2,"Fiber optic",0,2,2,"Frequent",1,85.05,"Yes",0
"2322-VCZHZ","Male",66,"Yes","No",23,1,"Fiber optic",3,2,2,"Occasional",1,90,"No",0
"6145-NNPNO","Female",61,"No","No",1,1,"DSL",0,2,0,"Occasional",1,44.15,"No",0
"9350-ZXYJC","Female",43,"No","No",4,2,"5G",0,1,0,"Occasional",24,25.3,"No",0
"9845-QOMAD","Male",19,"Yes","Yes",14,1,"No",0,1,0,"Occasional",12,19.75,"No",0
"7156-MHUGY","Male",86,"No","No",13,1,"DSL",0,2,3,"Frequent",1,90.5,"Yes",0
"6754-WKSHP","Male",22,"No","Yes",30,2,"No",0,1,0,"Occasional",12,25.35,"No",0
"5371-VYLSX","Female",87,"No","No",50,2,"Fiber optic",3,2,0,"Occasional",1,83.4,"No",0
"4597-NUCQV","Male",85,"No","No",24,2,"Fiber optic",2,2,3,"Frequent",1,101.25,"Yes",0
"3108-PCCGG","Male",87,"Yes","No",72,2,"5G",3,2,3,"Occasional",24,84.45,"No",0
"1635-NZATJ","Male",69,"Yes","No",71,2,"No",0,1,0,"Occasional",24,25.45,"No",0
"5035-PGZXH","Female",41,"No","No",56,2,"5G",2,2,3,"Occasional",12,106.8,"No",0
"3315-IKYZQ","Male",29,"Yes","Yes",28,0,"DSL",1,3,1,"Occasional",12,50.8,"No",0
"6233-HXJMX","Female",58,"No","No",45,2,"Fiber optic",0,2,2,"Occasional",1,89.3,"No",0
"5186-PEIZU","Female",35,"No","No",35,1,"No",0,1,0,"Occasional",1,19.25,"No",0
"4012-ZTHBR","Female",19,"Yes","Yes",21,1,"DSL",0,2,0,"Occasional",1,44.95,"No",0
"6810-VCAEX","Female",20,"No","No",47,0,"DSL",3,3,0,"Occasional",12,39.65,"No",0
"6551-VLJMV","Male",20,"Yes","No",34,1,"No",0,1,0,"Occasional",24,20.05,"No",0
"4588-YBNIB","Female",58,"No","No",1,1,"No",0,1,0,"Occasional",1,19.6,"Yes",0
"3441-CGZJH","Female",57,"Yes","Yes",43,0,"DSL",1,3,3,"Occasional",12,60.4,"No",0
"4656-CAURT","Male",20,"No","No",69,2,"5G",0,1,0,"Occasional",24,23.95,"No",0
"2700-LUEVA","Male",35,"No","No",1,1,"No",0,1,0,"Occasional",1,20.75,"No",0
"5446-DKWYW","Female",72,"Yes","Yes",61,2,"DSL",0,2,1,"Occasional",12,65.2,"No",0
"6365-HITVU","Female",34,"Yes","Yes",71,1,"DSL",3,3,3,"Occasional",24,87.25,"No",0
"9912-GVSEQ","Female",72,"Yes","No",26,2,"Fiber optic",2,2,2,"Frequent",1,93.85,"Yes",0
"6633-MPWBS","Male",31,"No","No",5,1,"DSL",0,3,0,"Occasional",1,49.2,"Yes",0
"2346-CZYIL","Male",20,"No","No",27,1,"No",0,1,0,"Occasional",24,20.35,"No",0
"7823-JSOAG","Male",56,"No","No",3,2,"Fiber optic",0,2,0,"Occasional",1,74.5,"No",0
"2026-TGDHM","Female",47,"No","No",7,1,"5G",0,2,2,"Frequent",1,79.3,"Yes",0
"8869-TORSS","Female",55,"No","No",48,2,"No",1,3,0,"Occasional",12,60.35,"Yes",0
"8718-PTMEZ","Female",58,"No","No",13,0,"DSL",2,2,0,"Frequent",1,31.05,"Yes",0
"6923-EFPNL","Male",60,"No","No",4,2,"DSL",0,2,0,"Frequent",1,51.75,"Yes",0
"0212-ISBBF","Female",22,"No","No",22,0,"DSL",2,2,3,"Occasional",1,50.35,"No",0
"2002-MZHWP","Female",44,"No","No",1,1,"No",0,1,0,"Occasional",1,20.5,"Yes",0
"5981-ZVXOT","Female",70,"No","No",35,2,"Fiber optic",3,2,3,"Occasional",12,108.35,"No",0
"0018-NYROU","Female",29,"Yes","No",5,1,"Fiber optic",0,2,0,"Occasional",1,68.95,"No",0
"7627-JKIAZ","Female",53,"No","No",37,2,"5G",0,2,0,"Occasional",1,78.95,"Yes",0
"1621-YNCJH","Female",29,"Yes","No",36,2,"DSL",3,3,2,"Occasional",24,106.05,"No",0
"2351-BKRZW","Female",23,"Yes","Yes",43,1,"No",1,2,3,"Occasional",24,75.2,"No",0
"7029-IJEJK","Female",28,"No","No",54,1,"No",1,3,2,"Occasional",12,44.1,"No",0
"1741-WTPON","Male",29,"Yes","Yes",56,2,"Fiber optic",3,3,3,"Occasional",24,115.85,"No",0
"3069-SSVSN","Female",53,"No","No",1,0,"DSL",0,2,0,"Occasional",12,25.85,"No",0
"1088-AUUZZ","Male",36,"Yes","Yes",56,1,"DSL",3,3,2,"Occasional",24,75.85,"No",0
"0237-YFUTL","Female",22,"Yes","No",50,2,"Fiber optic",3,3,3,"Occasional",1,109.65,"No",0
"7206-GZCDC","Female",69,"No","No",1,1,"5G",0,2,0,"Frequent",1,69.25,"Yes",0
"4730-AWNAU","Male",22,"Yes","Yes",36,0,"5G",1,3,3,"Occasional",12,60.7,"No",0
"4061-UKJWL","Male",30,"No","No",3,2,"No",0,2,0,"Occasional",1,45.45,"No",0
"9412-ARGBX","Female",38,"No","Yes",48,1,"Fiber optic",2,3,1,"Occasional",24,95.5,"Yes",0
"3794-NFNCH","Male",33,"Yes","No",30,1,"5G",0,2,0,"Occasional",1,50,"No",0
"0436-TWFFZ","Female",55,"No","No",67,2,"DSL",1,3,3,"Occasional",24,85.25,"No",0
"3223-DWFIO","Male",66,"No","No",4,1,"5G",0,2,0,"Occasional",1,69.35,"No",0
"0786-IVLAW","Female",78,"No","No",66,2,"Fiber optic",2,2,3,"Occasional",12,108.1,"No",0
"5627-TVBPP","Female",45,"No","No",35,1,"No",0,1,0,"Occasional",12,20.1,"No",0
"8441-SHIPE","Female",21,"No","No",67,2,"No",0,1,0,"Occasional",24,25.6,"No",0
"9625-RZFUK","Male",42,"No","No",63,1,"No",0,1,0,"Occasional",24,19.7,"No",0
"3724-BSCVH","Male",62,"No","No",10,1,"No",0,1,0,"Occasional",12,20.45,"No",0
"6060-QBMGV","Male",52,"No","No",70,1,"No",0,1,0,"Occasional",24,19.85,"No",0
"9544-PYPSJ","Female",73,"Yes","Yes",62,2,"Fiber optic",2,2,2,"Occasional",1,96.1,"No",0
"5795-BKOYE","Female",48,"Yes","Yes",69,1,"DSL",2,3,0,"Occasional",12,59.1,"No",0
"9507-HSMMZ","Male",46,"No","No",54,1,"No",0,1,0,"Occasional",24,20,"No",0
"5527-ACHSO","Female",53,"No","No",11,1,"5G",0,3,3,"Occasional",1,70.5,"No",0
"3716-BDVDB","Male",49,"No","No",1,1,"Fiber optic",0,2,0,"Frequent",1,69.1,"Yes",0
"9093-FPDLG","Female",38,"No","No",11,1,"DSL",2,3,2,"Occasional",1,94.2,"No",0
"4807-IZYOZ","Female",40,"No","No",51,1,"No",0,1,0,"Occasional",24,20.65,"No",0
"2546-KZAAT","Male",53,"Yes","No",52,1,"5G",3,2,3,"Occasional",12,75.4,"No",0
"1265-BCFEO","Female",55,"Yes","No",71,1,"No",0,3,3,"Occasional",24,80.45,"No",0
"6088-BXMRG","Female",50,"Yes","Yes",32,2,"Fiber optic",2,2,3,"Occasional",1,98.85,"No",0
"1087-UDSIH","Female",21,"No","No",3,1,"No",0,1,0,"Occasional",1,19.6,"Yes",0
"5914-XRFQB","Male",42,"No","No",72,2,"Fiber optic",3,3,3,"Occasional",24,115.8,"No",0
"7530-HDYDS","Female",23,"No","No",38,1,"5G",2,3,0,"Occasional",1,84.25,"Yes",0
"2585-KTFRE","Male",54,"No","Yes",1,1,"No",3,3,2,"Occasional",1,70.45,"No",0
"5724-BIDBU","Male",33,"Yes","No",49,2,"5G",1,2,0,"Occasional",12,55.35,"No",0
"4088-YLDSU","Male",32,"Yes","No",55,2,"Fiber optic",0,3,3,"Occasional",12,104.15,"Yes",0
"9233-PSYHO","Female",87,"No","No",45,2,"Fiber optic",0,2,3,"Occasional",12,100.15,"No",0
"9928-BZVLZ","Female",52,"No","No",12,0,"DSL",1,3,2,"Occasional",24,49.85,"No",0
"7789-HKSBS","Female",90,"Yes","No",42,2,"5G",1,2,3,"Occasional",12,105.2,"No",0
"7089-RKVSZ","Male",44,"No","No",8,2,"5G",0,1,0,"Occasional",12,24.4,"No",0
"0916-QOFDP","Female",84,"Yes","Yes",14,2,"Fiber optic",0,2,3,"Occasional",1,95.8,"No",0
"3627-FCRDW","Female",32,"No","No",9,1,"Fiber optic",0,2,0,"Frequent",1,71,"Yes",0
"3647-GMGDH","Male",53,"Yes","No",22,1,"Fiber optic",0,2,3,"Frequent",1,94.7,"Yes",0
"8182-BJDSI","Female",55,"No","No",28,2,"5G",2,2,2,"Frequent",1,89.95,"Yes",0
"5377-NDTOU","Female",58,"Yes","Yes",71,2,"5G",3,3,3,"Occasional",24,91.05,"No",0
"2068-WWXQZ","Male",20,"No","No",46,1,"No",0,1,0,"Occasional",24,20.05,"No",0
"8498-XXGWA","Female",44,"Yes","No",65,1,"No",1,2,0,"Occasional",1,55.15,"No",0
"1216-BGTSP","Male",32,"No","No",45,2,"DSL",1,3,3,"Occasional",1,108.45,"No",0
"2959-EEXWB","Female",52,"Yes","Yes",45,0,"5G",1,2,3,"Occasional",1,50.9,"No",0
"1345-GKDZZ","Male",21,"No","Yes",6,1,"5G",0,1,0,"Occasional",1,19.55,"No",0
"8089-UZWLX","Female",77,"No","No",71,2,"5G",0,2,3,"Occasional",24,104.05,"No",0
"2000-MPKCA","Female",61,"No","No",58,2,"Fiber optic",3,2,3,"Occasional",12,107.75,"No",0
"2995-UPRYS","Female",90,"Yes","No",40,1,"Fiber optic",2,3,3,"Occasional",12,99.2,"Yes",0
"2851-STERV","Male",85,"No","No",35,1,"DSL",0,3,3,"Occasional",12,73,"No",0
"2632-IVXVF","Female",51,"No","No",68,2,"Fiber optic",1,3,3,"Occasional",24,111.75,"No",0
"7596-LDUXP","Female",45,"No","No",12,1,"Fiber optic",1,2,1,"Occasional",12,85.15,"No",0
"3642-BYHDO","Female",21,"Yes","Yes",71,1,"No",0,1,0,"Occasional",24,19.9,"No",0
"4673-KKSLS","Female",44,"No","No",31,1,"Fiber optic",1,3,0,"Occasional",1,87.6,"No",0
"7765-LWVVH","Female",63,"No","No",72,1,"No",3,2,1,"Occasional",24,95.1,"No",0
"2782-JEEBU","Male",22,"No","No",21,0,"5G",2,3,0,"Occasional",1,36,"No",0
"4013-TLDHQ","Male",63,"No","No",19,1,"Fiber optic",2,2,0,"Frequent",1,78.25,"Yes",0
"5304-EFJLP","Male",83,"Yes","No",72,2,"Fiber optic",2,3,3,"Occasional",24,111.65,"No",0
"0655-YDGFJ","Male",26,"No","No",29,1,"DSL",0,2,0,"Occasional",1,48.95,"No",0
"6719-OXYBR","Male",61,"No","No",15,1,"Fiber optic",0,2,1,"Occasional",1,85.3,"No",0
"8079-XRJRS","Male",40,"Yes","No",65,2,"Fiber optic",3,2,0,"Frequent",12,89.75,"Yes",0
"0464-WJTKO","Female",21,"Yes","Yes",72,1,"No",0,1,0,"Occasional",24,20.1,"No",0
"6972-SNKKW","Female",40,"No","No",6,1,"No",0,1,0,"Occasional",1,20,"No",0
"7552-KEYGT","Male",20,"Yes","No",27,1,"5G",0,1,0,"Occasional",24,19.55,"No",0
"9281-PKKZE","Female",57,"Yes","No",46,0,"5G",0,2,3,"Occasional",1,43.95,"No",0
"7817-BOQPW","Female",58,"No","No",2,2,"Fiber optic",0,2,0,"Frequent",1,75.55,"Yes",0
"9074-KGVOX","Male",21,"Yes","Yes",50,0,"DSL",1,2,1,"Occasional",1,39.45,"No",0
"1482-OXZSY","Male",32,"No","No",30,2,"Fiber optic",1,2,3,"Occasional",1,100.4,"No",0
"0031-PVLZI","Female",40,"No","No",4,1,"5G",0,1,0,"Occasional",1,20.35,"Yes",0
"4801-KFYKL","Male",60,"No","No",8,1,"No",0,1,0,"Occasional",1,19.45,"No",0
"4598-ZADCK","Female",46,"No","No",53,0,"5G",3,3,1,"Occasional",12,53.6,"No",0
"1552-CZCLL","Female",20,"Yes","Yes",55,1,"No",0,1,0,"Occasional",1,20,"No",0
"1304-NECVQ","Female",83,"No","No",2,2,"Fiber optic",0,2,0,"Frequent",1,78.55,"Yes",0
"0739-UUAJR","Female",49,"Yes","Yes",72,1,"DSL",1,2,3,"Occasional",24,53.8,"No",0
"8601-QACRS","Female",33,"No","No",5,2,"DSL",0,2,0,"Frequent",1,50.6,"Yes",0
"0374-IOEGQ","Female",56,"No","No",3,1,"DSL",0,2,0,"Occasional",1,44.6,"No",0
"9242-TKFSV","Male",32,"Yes","Yes",72,0,"5G",3,3,3,"Occasional",24,65.1,"No",0
"6475-VHUIZ","Female",23,"Yes","No",23,1,"5G",0,3,0,"Occasional",1,54.25,"No",0
"1051-EQPZR","Female",20,"Yes","Yes",44,1,"No",0,1,0,"Occasional",1,19.6,"No",0
"7153-OANIO","Male",49,"No","No",1,1,"Fiber optic",0,2,0,"Frequent",1,69.95,"Yes",0
"1658-XUHBX","Female",84,"Yes","Yes",59,2,"Fiber optic",0,2,2,"Occasional",1,88.75,"No",0
"7067-KSAZT","Female",83,"Yes","No",65,2,"Fiber optic",2,2,3,"Frequent",12,106.25,"Yes",0
"9300-AGZNL","Male",74,"No","No",1,2,"Fiber optic",0,2,3,"Frequent",1,94,"Yes",0
"7945-PRBVF","Male",46,"No","No",35,1,"No",0,1,0,"Occasional",24,21.45,"No",0
"9103-CXVOK","Male",52,"No","No",1,1,"No",0,1,0,"Occasional",1,19.75,"No",0
"4826-XTSOH","Male",79,"Yes","No",1,1,"No",0,2,1,"Frequent",1,86.05,"Yes",0
"0564-JJHGS","Male",50,"No","No",9,1,"No",0,2,3,"Frequent",1,95.5,"Yes",0
"7041-TXQJH","Female",29,"No","No",37,0,"5G",0,2,2,"Occasional",1,40.2,"No",0
"3217-FZDMN","Female",76,"No","No",8,1,"Fiber optic",0,2,3,"Frequent",1,94.45,"Yes",0
"9758-MFWGD","Female",22,"Yes","Yes",48,0,"DSL",2,2,0,"Occasional",12,29.9,"No",0
"6993-YCOBK","Male",35,"Yes","Yes",60,2,"Fiber optic",1,3,3,"Occasional",24,110.6,"No",0
"0872-CASZJ","Male",55,"Yes","No",59,2,"DSL",1,3,2,"Occasional",12,69.1,"No",0
"4450-YOOHP","Female",45,"No","No",39,0,"DSL",0,2,3,"Occasional",1,50.65,"No",0
"6230-BSUXY","Female",69,"No","No",1,1,"Fiber optic",0,2,2,"Frequent",1,85,"Yes",0
"7162-WPHPM","Male",46,"Yes","Yes",58,2,"DSL",3,3,0,"Occasional",24,71.6,"No",0
"3870-SPZSI","Female",21,"Yes","Yes",70,2,"5G",3,3,3,"Occasional",24,113.05,"No",0
"2043-WVTQJ","Male",51,"Yes","No",1,1,"DSL",1,2,0,"Occasional",1,55.7,"No",0
"4083-EUGRJ","Male",40,"No","No",9,1,"No",0,1,0,"Occasional",1,20.25,"Yes",0
"0356-ERHVT","Male",30,"Yes","No",11,1,"DSL",0,2,0,"Occasional",1,45.9,"No",0
"4628-CTTLA","Male",60,"No","No",57,0,"DSL",2,2,1,"Frequent",1,39.3,"Yes",0
"9578-FOMUK","Male",44,"No","No",15,2,"5G",0,1,0,"Occasional",1,24.8,"No",0
"8097-OMULG","Male",36,"Yes","Yes",59,1,"DSL",2,3,3,"Occasional",12,76.75,"No",0
"3766-EJLFL","Female",39,"Yes","Yes",68,2,"DSL",1,3,3,"Occasional",24,109.05,"No",0
"1360-JYXKQ","Female",70,"Yes","No",54,1,"Fiber optic",0,3,3,"Occasional",12,99.1,"No",0
"6705-LNMDD","Male",29,"No","No",20,1,"DSL",0,3,0,"Occasional",1,50,"No",0
"5976-JCJRH","Male",57,"Yes","No",10,1,"No",0,2,0,"Frequent",1,70.3,"Yes",0
"8808-ELEHO","Male",66,"No","No",8,2,"Fiber optic",0,2,0,"Frequent",1,81.25,"Yes",0
"2710-WYVXG","Female",44,"No","No",3,1,"DSL",3,3,2,"Occasional",24,71.1,"No",0
"4903-CNOZC","Male",61,"No","No",29,2,"DSL",2,2,2,"Occasional",12,70.9,"No",0
"0257-KXZGU","Female",61,"Yes","Yes",32,2,"DSL",2,2,0,"Occasional",1,62.45,"No",0
"3733-LSYCE","Female",53,"Yes","No",15,1,"5G",2,2,0,"Occasional",1,75.35,"No",0
"3283-WCWXT","Male",19,"Yes","Yes",6,2,"DSL",0,1,0,"Occasional",24,25.4,"No",0
"2309-OSFEU","Male",22,"No","No",10,1,"No",0,2,2,"Frequent",1,33.9,"Yes",0
"1428-GTBJJ","Male",57,"No","No",11,1,"No",2,2,0,"Frequent",1,74.55,"Yes",0
"9136-ALYBR","Male",21,"No","No",1,0,"DSL",0,2,0,"Frequent",1,24.45,"Yes",0
"2194-IIQOF","Female",56,"Yes","No",71,2,"DSL",3,3,3,"Occasional",24,89.3,"No",0
"4312-GVYNH","Female",22,"Yes","No",70,0,"5G",1,3,2,"Occasional",24,49.85,"No",0
"3797-VTIDR","Male",51,"No","No",1,0,"DSL",0,2,0,"Frequent",1,23.45,"Yes",0
"0921-OHLVP","Male",64,"No","No",22,2,"Fiber optic",0,2,2,"Occasional",1,83.05,"No",0
"9552-TGUZV","Male",60,"Yes","No",8,1,"Fiber optic",1,2,0,"Occasional",1,75,"No",0
"4086-WITJG","Male",44,"No","No",71,1,"No",0,1,0,"Occasional",24,19.7,"No",0
"3055-VTCGS","Female",59,"No","No",63,1,"5G",0,2,2,"Occasional",12,58.55,"No",0
"0564-MUUQK","Female",29,"Yes","Yes",20,2,"5G",0,3,2,"Occasional",1,95.5,"No",0
"3370-HXOPH","Female",49,"No","No",3,2,"Fiber optic",0,2,0,"Occasional",1,76.1,"No",0
"7901-TBKJX","Male",67,"No","No",56,2,"5G",0,2,3,"Occasional",1,101.05,"No",0
"7096-ZNBZI","Female",51,"No","No",72,2,"No",0,1,0,"Occasional",24,26.45,"No",0
"1496-GGSUK","Female",46,"No","No",1,0,"DSL",0,2,0,"Frequent",1,25.7,"Yes",0
"5174-RNGBH","Female",30,"No","No",9,1,"DSL",2,3,1,"Occasional",1,66.25,"Yes",0
"8873-GLDMH","Female",52,"No","No",6,2,"Fiber optic",0,2,0,"Occasional",1,73.85,"No",0
"6981-TDRFT","Male",56,"Yes","Yes",44,0,"DSL",0,3,3,"Occasional",12,54.3,"No",0
"9281-OFDMF","Male",73,"No","No",39,1,"No",2,2,2,"Occasional",1,90.7,"No",0
"8917-FAEMR","Female",64,"No","No",37,1,"DSL",0,1,0,"Occasional",24,19.85,"No",0
"0670-ANMUU","Male",43,"No","No",71,2,"Fiber optic",1,3,2,"Occasional",12,97.65,"No",0
"6131-JLWZM","Female",19,"No","No",13,1,"No",0,1,0,"Occasional",1,20.3,"No",0
"9585-KKMFD","Male",37,"No","No",41,1,"No",0,1,0,"Occasional",24,20,"No",0
"7998-ZLXWN","Female",36,"No","No",15,1,"No",0,1,0,"Occasional",1,20.45,"No",0
"6229-LSCKB","Male",84,"No","No",6,1,"Fiber optic",0,2,1,"Occasional",1,79.7,"No",0
"3312-ZWLGF","Male",67,"Yes","No",29,2,"Fiber optic",0,3,0,"Occasional",1,79.3,"No",0
"4145-UQXUQ","Female",84,"No","No",8,1,"5G",0,2,3,"Occasional",1,92.1,"Yes",0
"3950-VPYJB","Male",20,"Yes","Yes",57,1,"DSL",3,3,0,"Occasional",12,59.6,"No",0
"7998-WNZEM","Male",35,"No","No",71,2,"DSL",3,3,2,"Occasional",24,80.6,"No",0
"1904-WAJAA","Female",21,"Yes","Yes",24,2,"DSL",3,2,0,"Occasional",24,64.35,"No",0
"1261-FWTTE","Male",56,"No","No",23,0,"DSL",0,2,2,"Occasional",1,34.65,"No",0
"1302-UHBDD","Male",68,"No","No",20,1,"5G",0,2,3,"Occasional",1,89.95,"No",0
"7632-MNYOY","Male",80,"No","No",66,2,"Fiber optic",2,3,3,"Occasional",12,110.9,"Yes",0
"9158-VCTQB","Female",28,"Yes","No",41,2,"5G",3,3,3,"Occasional",1,113.6,"Yes",0
"2812-REYAT","Female",20,"Yes","No",49,1,"5G",0,1,0,"Occasional",12,20.05,"No",0
"5424-RLQLC","Male",45,"No","No",10,1,"DSL",2,2,1,"Occasional",1,59.65,"No",0
"5019-GQVCR","Male",82,"No","No",43,2,"Fiber optic",0,2,1,"Occasional",1,84.85,"No",0
"7330-WZLNC","Female",37,"No","No",5,2,"Fiber optic",2,2,1,"Occasional",1,90.8,"Yes",0
"6701-DHKWQ","Female",24,"Yes","Yes",61,0,"5G",2,3,1,"Occasional",24,51.35,"No",0
"9200-NLNPD","Male",20,"Yes","No",56,0,"DSL",0,3,3,"Occasional",12,54.05,"No",0
"8215-NGSPE","Female",22,"Yes","Yes",42,1,"No",0,1,0,"Occasional",24,20,"No",0
"4030-VPZBD","Female",60,"No","No",2,0,"5G",0,3,0,"Occasional",1,30.9,"Yes",0
"1193-RTSLK","Female",29,"No","No",38,1,"Fiber optic",3,2,0,"Frequent",1,83.9,"Yes",0
"6784-XYJAE","Female",39,"No","No",36,2,"5G",0,2,0,"Occasional",12,55.8,"No",0
"2203-GHNWN","Female",48,"Yes","No",24,2,"Fiber optic",0,2,0,"Occasional",1,79.65,"No",0
"8543-MSDMF","Male",59,"No","No",3,1,"5G",1,2,3,"Occasional",1,77.4,"No",0
"3644-QXEHN","Male",26,"Yes","Yes",13,1,"Fiber optic",0,2,3,"Occasional",1,97,"No",0
"4625-EWPTF","Male",62,"No","No",8,0,"DSL",1,2,0,"Frequent",1,30.45,"Yes",0
"8668-KNZTI","Male",55,"No","No",52,1,"DSL",1,2,0,"Occasional",12,53.75,"No",0
"8042-RNLKO","Male",39,"No","No",66,2,"No",0,1,0,"Occasional",12,25.45,"No",0
"2931-FSOHN","Male",69,"No","No",13,1,"DSL",2,2,1,"Occasional",1,59.9,"No",0
"2522-WLNSF","Female",87,"Yes","No",34,1,"DSL",0,3,1,"Occasional",12,64.2,"No",0
"1196-AMORA","Male",36,"No","No",7,2,"Fiber optic",0,2,0,"Frequent",1,73.6,"Yes",0
"1567-DSCIC","Male",56,"No","No",8,2,"Fiber optic",2,2,1,"Frequent",1,94,"Yes",0
"3530-VWVGU","Female",19,"Yes","Yes",22,1,"No",0,1,0,"Occasional",1,19.9,"No",0
"4072-IPYLT","Female",51,"No","No",36,1,"DSL",1,2,0,"Occasional",1,51.05,"No",0
"0193-ESZXP","Female",83,"Yes","No",58,1,"Fiber optic",3,3,3,"Occasional",12,105.5,"Yes",0
"8751-EDEKA","Female",61,"Yes","No",28,1,"Fiber optic",2,2,2,"Occasional",1,89.9,"No",0
"8434-PNQZX","Female",22,"No","No",42,1,"No",0,3,3,"Occasional",24,78.45,"No",0
"0909-SELIE","Male",59,"Yes","No",61,2,"DSL",3,3,2,"Occasional",24,80.8,"No",0
"6358-LYNGM","Male",23,"No","No",1,2,"5G",0,2,0,"Frequent",1,74.9,"Yes",0
"7858-GTZSP","Female",51,"No","No",12,2,"Fiber optic",0,2,2,"Occasional",1,86.55,"No",0
"3126-WQMGH","Female",51,"Yes","No",49,2,"DSL",0,2,0,"Occasional",1,52.15,"No",0
"2455-USLMV","Female",53,"No","No",31,2,"Fiber optic",1,2,0,"Occasional",1,84.75,"No",0
"4501-VCPFK","Male",22,"No","No",26,0,"DSL",0,3,0,"Occasional",1,35.75,"No",0
"6288-LBEAR","Female",47,"No","No",23,1,"Fiber optic",2,3,0,"Occasional",1,79.1,"No",0
"5650-YLIBA","Male",63,"No","No",31,2,"Fiber optic",2,2,0,"Occasional",1,81.15,"No",0
"2082-CEFLT","Male",19,"No","No",1,1,"DSL",0,2,0,"Frequent",1,45.6,"Yes",0
"4135-FRWKJ","Female",84,"Yes","Yes",55,2,"DSL",1,3,1,"Occasional",12,76.25,"No",0
"2845-HSJCY","Female",57,"Yes","Yes",14,2,"5G",0,2,2,"Frequent",1,87.25,"Yes",0
"6840-RESVB","Male",51,"Yes","Yes",24,2,"DSL",1,3,3,"Occasional",12,84.8,"No",0
"7503-QQRVF","Male",87,"Yes","No",16,1,"No",2,2,0,"Frequent",1,74.3,"Yes",0
"0396-HUJBP","Female",19,"No","No",2,1,"No",0,1,0,"Occasional",1,19.3,"No",0
"7691-XVTZH","Female",29,"Yes","No",68,2,"Fiber optic",0,2,1,"Occasional",24,89.95,"No",0
"3751-KTZEL","Female",49,"No","No",1,0,"DSL",0,2,2,"Frequent",1,35.05,"Yes",0
"8022-BECSI","Male",56,"No","No",22,1,"5G",0,1,0,"Occasional",12,19.6,"No",0
"1752-OZXFY","Male",44,"Yes","No",60,1,"DSL",1,2,1,"Occasional",12,59.8,"No",0
"7191-ADRGF","Male",54,"Yes","No",44,0,"DSL",2,2,3,"Occasional",24,54.3,"No",0
"3181-VTHOE","Male",31,"Yes","No",70,1,"No",2,3,2,"Occasional",12,51.05,"No",0
"1761-AEZZR","Male",24,"No","No",1,1,"No",0,2,1,"Frequent",1,79.55,"Yes",0
"8705-DWKTI","Male",37,"No","No",52,1,"Fiber optic",0,2,2,"Occasional",1,83.8,"No",0
"8430-TWCBX","Female",44,"No","No",49,1,"No",0,1,0,"Occasional",12,20.7,"No",0
"5696-QURRL","Male",62,"No","No",1,1,"No",0,2,0,"Frequent",1,45.05,"Yes",0
"7851-WZEKY","Female",19,"No","No",2,2,"5G",0,2,3,"Frequent",1,95.15,"Yes",0
"7976-CICYS","Male",57,"No","No",4,1,"No",0,1,0,"Occasional",1,20.7,"No",0
"3070-DVEYC","Male",86,"No","No",7,2,"Fiber optic",0,2,0,"Frequent",1,73.75,"Yes",0
"4137-BTIKL","Male",33,"No","No",2,2,"DSL",1,2,2,"Occasional",1,90.75,"No",0
"3154-CFSZG","Male",44,"Yes","Yes",47,1,"Fiber optic",1,2,2,"Occasional",1,90.05,"No",0
"4029-HPFVY","Male",47,"No","No",3,1,"Fiber optic",0,2,0,"Occasional",1,70.3,"No",0
"4822-RVYBB","Male",69,"No","No",8,2,"5G",0,2,3,"Occasional",1,100.6,"Yes",0
"1942-OQFRW","Male",34,"No","No",1,1,"DSL",0,2,0,"Occasional",1,44,"No",0
"5089-IFSDP","Female",31,"Yes","No",58,2,"Fiber optic",3,2,3,"Frequent",24,109.45,"Yes",0
"6134-KWTBV","Male",19,"No","No",62,2,"No",0,1,0,"Occasional",24,23.4,"No",0
"4749-OJKQU","Female",45,"No","No",4,2,"Fiber optic",0,2,0,"Occasional",1,75.65,"No",0
"4778-IZARL","Male",48,"Yes","No",63,1,"Fiber optic",3,3,3,"Occasional",24,110.1,"No",0
"0902-XKXPN","Male",45,"No","No",69,1,"No",0,1,0,"Occasional",24,20.2,"No",0
"8263-QMNTJ","Male",58,"Yes","No",72,1,"DSL",3,3,3,"Occasional",24,115.55,"No",0
"9249-FXSCK","Female",20,"No","No",52,2,"Fiber optic",3,3,3,"Occasional",12,111.25,"Yes",0
"4869-EPIUS","Male",48,"Yes","No",56,1,"5G",0,2,2,"Occasional",12,80.9,"No",0
"1963-VAUKV","Female",58,"No","No",1,1,"No",0,1,0,"Occasional",1,20.4,"Yes",0
"0872-JCPIB","Male",60,"No","No",17,2,"5G",1,2,2,"Occasional",1,65.75,"No",0
"0895-LNKRC","Male",46,"No","No",6,1,"No",0,1,0,"Occasional",12,19.45,"No",0
"1163-ONYEY","Male",57,"Yes","Yes",41,2,"5G",3,2,1,"Occasional",1,74.55,"No",0
"7176-WIONM","Female",43,"Yes","No",12,0,"DSL",0,2,3,"Occasional",1,49.85,"No",0
"8317-BVKSO","Male",20,"No","No",14,1,"No",0,1,0,"Occasional",1,20.05,"No",0
"4495-LHSSK","Female",63,"No","Yes",18,2,"DSL",1,2,0,"Occasional",1,57.65,"No",0
"3298-QEICA","Female",22,"Yes","Yes",23,0,"DSL",1,3,0,"Occasional",24,34.6,"No",0
"4226-KKDON","Male",60,"No","No",8,1,"DSL",2,3,1,"Occasional",1,66.65,"No",0
"5996-NRVXR","Male",78,"Yes","No",40,1,"Fiber optic",3,3,1,"Occasional",12,98.15,"No",0
"2430-RRYUW","Male",45,"No","No",66,1,"5G",3,2,0,"Occasional",12,54.8,"No",0
"3221-CJMSG","Male",20,"No","No",24,1,"5G",0,3,0,"Occasional",1,51.1,"No",0
"5324-KTGCG","Male",40,"No","No",71,1,"No",0,1,0,"Occasional",12,20.85,"No",0
"3957-LXOLK","Female",76,"No","No",28,2,"Fiber optic",2,2,3,"Frequent",1,106.15,"Yes",0
"2200-DSAAL","Female",56,"No","No",68,2,"DSL",2,2,3,"Occasional",24,80.65,"No",0
"5143-EGQFK","Female",65,"No","No",10,0,"DSL",0,3,0,"Occasional",1,29.65,"Yes",0
"8849-AYPTR","Male",59,"Yes","No",33,1,"Fiber optic",0,2,3,"Occasional",1,91.25,"No",0
"1336-EZFZY","Female",42,"No","No",4,1,"No",0,1,0,"Occasional",1,20.05,"No",0
"0523-VNGTF","Female",85,"No","No",52,0,"5G",2,3,1,"Occasional",1,50.5,"No",0
"1960-UOTYM","Male",40,"No","No",52,1,"DSL",3,2,3,"Occasional",24,79.2,"No",0
"6656-GULJQ","Male",47,"Yes","Yes",72,2,"DSL",1,3,3,"Occasional",24,83.55,"No",0
"6586-MYGKD","Male",50,"No","No",70,2,"DSL",1,3,3,"Occasional",24,76.95,"No",0
"4890-VMUAV","Male",47,"No","No",63,2,"DSL",3,3,0,"Occasional",12,71.5,"No",0
"5172-RKOCB","Male",35,"Yes","No",72,2,"Fiber optic",3,3,3,"Occasional",24,108.95,"No",0
"6581-NQCBA","Female",54,"Yes","No",16,0,"5G",0,3,3,"Occasional",1,49.95,"Yes",0
"3174-RKMOW","Male",23,"Yes","Yes",35,2,"Fiber optic",2,3,3,"Occasional",1,109.95,"No",0
"9924-JPRMC","Male",63,"No","No",72,2,"Fiber optic",3,3,3,"Occasional",24,118.2,"No",0
"4049-ZPALD","Female",55,"Yes","No",64,1,"Fiber optic",1,2,3,"Occasional",24,99,"No",0
"7130-VTEWQ","Female",88,"No","No",8,2,"Fiber optic",0,2,0,"Frequent",1,75.75,"Yes",0
"8562-GHPPI","Female",61,"No","No",1,1,"No",0,1,0,"Occasional",1,19.8,"No",0
"7472-EQOAV","Male",80,"Yes","Yes",71,1,"Fiber optic",3,2,0,"Occasional",12,86.7,"No",0
"9441-QHEVC","Male",49,"No","No",1,1,"No",0,1,0,"Occasional",1,19.1,"No",0
"6828-HMKWP","Male",21,"Yes","Yes",12,1,"No",0,1,0,"Occasional",24,21.05,"No",0
"1371-WEPDS","Male",85,"Yes","No",40,1,"DSL",0,2,2,"Occasional",12,55.8,"No",0
"4403-BWPAY","Male",60,"No","No",14,2,"5G",0,1,0,"Occasional",12,24.8,"No",0
"0461-CVKMU","Female",57,"Yes","Yes",23,1,"No",2,3,0,"Occasional",1,83.8,"Yes",0
"1725-MIMXW","Male",21,"No","Yes",1,1,"5G",0,1,0,"Occasional",1,19.45,"Yes",0
"3604-WLABM","Female",27,"No","No",10,1,"DSL",0,3,0,"Occasional",1,54.25,"No",0
"4815-YOSUK","Male",55,"Yes","Yes",72,2,"5G",3,3,2,"Occasional",12,104.9,"No",0
"8748-HFWBO","Male",22,"Yes","Yes",19,1,"No",0,1,0,"Occasional",12,19.9,"No",0
"4828-FAZPK","Female",36,"Yes","Yes",16,2,"Fiber optic",2,2,0,"Occasional",1,79.95,"No",0
"0253-ZTEOB","Female",20,"Yes","Yes",48,1,"No",2,3,3,"Occasional",24,79.65,"No",0
"8652-YHIYU","Female",62,"No","Yes",16,2,"Fiber optic",0,3,0,"Occasional",12,79.5,"No",0
"7928-VJYAB","Male",34,"Yes","Yes",11,1,"5G",0,2,3,"Occasional",1,90.6,"No",0
"6435-SRWBJ","Female",19,"No","No",5,2,"5G",0,3,0,"Occasional",1,82.75,"No",0
"9661-ACXBS","Female",52,"No","No",42,2,"Fiber optic",1,2,3,"Frequent",1,105.2,"Yes",0
"9705-ZJBCG","Female",39,"Yes","Yes",13,1,"DSL",1,3,0,"Occasional",12,54.15,"No",0
"9795-VOWON","Male",37,"No","No",7,0,"DSL",0,2,0,"Occasional",12,24.35,"No",0
"2235-DWLJU","Female",82,"No","No",6,0,"DSL",0,2,3,"Occasional",1,44.4,"No",0
"4868-AADLV","Male",65,"Yes","Yes",66,2,"Fiber optic",3,3,3,"Occasional",12,116.25,"No",0
"4547-FZJWE","Male",60,"Yes","Yes",55,1,"5G",1,2,2,"Occasional",12,59.45,"No",0
"1302-TPUBN","Male",20,"No","No",66,1,"No",0,1,0,"Occasional",24,19.35,"No",0
"4092-OFQZS","Male",64,"No","No",20,1,"No",0,1,0,"Occasional",12,20.65,"No",0
"8189-DUKMV","Female",56,"No","No",4,1,"No",0,1,0,"Occasional",12,20.5,"No",0
"4123-DVHPH","Male",64,"Yes","No",9,2,"Fiber optic",1,2,2,"Occasional",1,88.05,"No",0
"2347-WKKAE","Male",28,"Yes","No",42,2,"Fiber optic",1,2,2,"Occasional",1,94.4,"No",0
"6485-QXWWE","Female",20,"No","Yes",62,2,"5G",0,1,0,"Occasional",24,26,"No",0
"9469-WEJBT","Male",58,"Yes","No",37,1,"5G",0,3,2,"Occasional",1,90.35,"No",0
"1579-KLYDT","Male",33,"No","No",7,2,"DSL",0,2,1,"Frequent",1,90.45,"Yes",0
"6979-ZNSFF","Female",20,"No","No",8,1,"No",0,2,1,"Frequent",1,87.05,"Yes",0
"0298-XACET","Male",53,"Yes","Yes",52,0,"DSL",2,3,1,"Occasional",24,50.2,"No",0
"4770-QAZXN","Female",22,"No","No",13,1,"No",0,1,0,"Occasional",1,19.45,"No",0
"7094-MSZAO","Male",20,"Yes","Yes",10,1,"No",0,1,0,"Occasional",1,20.05,"No",0
"5504-WSIUR","Female",33,"No","No",70,2,"5G",2,3,0,"Occasional",12,90.25,"No",0
"9298-WGMRW","Female",32,"Yes","No",72,2,"Fiber optic",3,3,3,"Occasional",24,115.5,"No",0
"0463-ZSDNT","Male",56,"No","No",10,1,"DSL",0,2,2,"Occasional",1,56.75,"No",0
"4391-LNRXK","Male",47,"No","No",22,1,"DSL",2,3,2,"Occasional",1,94.95,"No",0
"9330-VOFSZ","Female",56,"Yes","No",60,2,"Fiber optic",2,3,3,"Occasional",24,110.8,"No",0
"0774-RMNUW","Female",41,"Yes","Yes",71,0,"DSL",3,3,3,"Occasional",24,59.7,"No",0
"8746-BFOAJ","Male",65,"No","No",21,1,"No",0,1,0,"Occasional",12,20.5,"No",0
"4958-GZWIY","Male",43,"Yes","Yes",7,1,"5G",0,2,0,"Frequent",1,48.7,"Yes",0
"4815-TUMEQ","Female",64,"No","No",10,1,"No",0,1,0,"Occasional",12,19.3,"No",0
"4958-XCBDQ","Male",70,"No","No",35,2,"Fiber optic",0,2,3,"Frequent",1,101.4,"Yes",0
"3521-MNKLV","Male",51,"No","No",24,1,"DSL",0,2,0,"Occasional",1,49.7,"No",0
"5419-JKZNQ","Male",71,"Yes","No",30,2,"Fiber optic",0,2,0,"Occasional",1,77.9,"No",0
"4835-YSJMR","Male",35,"No","No",39,1,"5G",0,3,0,"Occasional",24,49.8,"No",0
"8961-QDZZJ","Female",61,"Yes","Yes",57,1,"Fiber optic",2,2,3,"Occasional",12,95,"No",0
"7109-CQYUZ","Male",46,"No","No",52,1,"No",3,3,3,"Occasional",24,89.25,"No",0
"1663-MHLHE","Male",49,"No","No",1,1,"5G",0,1,0,"Occasional",1,19.2,"No",0
"8213-TAZPM","Female",55,"Yes","Yes",69,2,"Fiber optic",2,3,3,"Occasional",12,108.75,"No",0
"1271-SJBGZ","Male",75,"No","No",12,0,"5G",0,3,2,"Occasional",1,43.65,"Yes",0
"4057-FKCZK","Male",47,"Yes","Yes",58,2,"Fiber optic",0,2,1,"Occasional",24,82.5,"No",0
"7622-FWGEW","Male",86,"Yes","No",56,1,"5G",3,3,3,"Occasional",24,85.65,"No",0
"1837-YQUCE","Female",49,"No","No",70,1,"No",1,3,3,"Occasional",24,58.35,"No",0
"0640-YJTPY","Male",45,"No","No",72,1,"5G",0,1,0,"Occasional",24,21,"No",0
"4950-BDEUX","Male",34,"No","No",35,0,"DSL",0,2,3,"Occasional",1,49.2,"No",0
"8246-SHFGA","Male",19,"No","No",17,1,"DSL",0,1,0,"Occasional",1,21.1,"No",0
"9897-KXHCM","Female",52,"Yes","Yes",3,1,"5G",0,2,2,"Frequent",1,80.3,"Yes",0
"6221-AVQYL","Male",62,"No","No",2,2,"Fiber optic",0,2,0,"Frequent",1,73.25,"Yes",0
"3550-SAHFP","Female",32,"No","No",33,1,"No",0,2,2,"Frequent",1,83.35,"Yes",0
"5356-RHIPP","Male",59,"No","No",1,1,"No",0,1,0,"Occasional",1,20.2,"Yes",0
"1089-HDMKP","Male",89,"No","Yes",11,1,"5G",2,3,0,"Occasional",1,54.55,"No",0
"3982-JGSFD","Male",49,"No","No",36,1,"No",0,1,0,"Occasional",12,20.35,"No",0
"0093-EXYQL","Female",85,"No","No",40,1,"5G",0,2,3,"Occasional",1,91.55,"No",0
"2568-BRGYX","Male",56,"No","No",4,1,"5G",0,2,0,"Frequent",1,70.2,"Yes",0
"2823-LKABH","Female",63,"No","No",18,2,"Fiber optic",0,3,2,"Occasional",1,95.05,"No",0
"6242-FEGFD","Male",63,"No","No",66,2,"Fiber optic",3,3,0,"Occasional",24,96.6,"No",0
"0068-FIGTF","Female",41,"No","No",27,1,"DSL",2,3,3,"Occasional",12,78.2,"No",0
"1963-SVUCV","Male",31,"No","No",1,1,"DSL",0,2,0,"Frequent",1,45.3,"Yes",0
"0258-NOKBL","Male",39,"No","No",3,2,"No",2,2,2,"Occasional",1,90.4,"No",0
"4398-HSCJH","Female",33,"No","No",3,2,"DSL",0,3,1,"Occasional",1,63.6,"Yes",0
"7120-RFMVS","Male",32,"No","No",1,1,"No",0,2,1,"Frequent",1,84.5,"Yes",0
"2724-FJDYW","Male",28,"No","Yes",39,0,"DSL",0,3,3,"Occasional",12,54.85,"No",0
"0784-ZQJZX","Male",46,"No","No",72,2,"No",0,1,0,"Occasional",24,19.9,"No",0
"3970-XGJDU","Female",41,"No","No",62,1,"No",0,1,0,"Occasional",24,19.2,"No",0
"7130-CTCUS","Male",90,"Yes","No",16,1,"DSL",3,2,0,"Occasional",1,54.55,"No",0
"2754-XBHTB","Female",31,"No","No",9,1,"Fiber optic",0,2,1,"Frequent",1,77.65,"Yes",0
"3665-JATSN","Female",22,"No","No",19,1,"DSL",2,2,2,"Occasional",1,39.7,"No",0
"1685-BQULA","Female",47,"No","No",40,2,"Fiber optic",2,2,1,"Occasional",1,93.4,"No",0
"8387-MOJJT","Female",44,"Yes","Yes",42,1,"5G",0,2,1,"Frequent",1,77.95,"Yes",0
"7432-FFVAR","Female",37,"Yes","Yes",46,1,"Fiber optic",0,3,2,"Occasional",12,90.95,"No",0
"9867-NNXLC","Female",19,"No","No",22,1,"No",0,1,0,"Occasional",1,20.05,"No",0
"6985-HAYWX","Female",22,"Yes","No",26,1,"No",2,2,0,"Occasional",1,79.3,"No",0
"9987-LUTYD","Female",44,"No","No",13,1,"DSL",1,3,0,"Occasional",12,55.15,"No",0
"7235-NXZCP","Male",65,"No","No",2,2,"Fiber optic",0,2,0,"Frequent",1,74.85,"Yes",0
"7693-LCKZL","Male",32,"Yes","Yes",5,2,"Fiber optic",2,2,0,"Occasional",1,80.15,"Yes",0
"1796-JANOW","Female",60,"No","No",2,1,"No",0,1,0,"Occasional",1,19.95,"No",0
"3757-NJYBX","Male",78,"Yes","No",32,2,"DSL",2,2,3,"Frequent",1,106.35,"Yes",0
"6559-RAKOZ","Male",49,"Yes","Yes",49,2,"No",0,3,3,"Occasional",12,97.95,"No",0
"2923-ARZLG","Male",52,"No","No",0,1,"No",0,1,0,"Occasional",12,19.7,"No",0
"9054-FOWNV","Male",29,"Yes","Yes",22,2,"Fiber optic",0,2,1,"Occasional",1,88.75,"No",0
"3683-QKIUE","Female",47,"No","No",6,1,"DSL",0,3,0,"Occasional",1,50.8,"Yes",0
"3999-QGRJH","Male",90,"No","No",8,2,"No",0,2,0,"Frequent",1,69.7,"Yes",0
"1640-PLFMP","Female",49,"No","No",1,1,"No",0,2,0,"Occasional",1,70.25,"No",0
"1403-LKLIK","Female",40,"No","No",33,2,"No",0,1,0,"Occasional",12,20.1,"No",0
"2207-RYYRL","Male",63,"No","No",52,2,"No",0,1,0,"Occasional",24,24.55,"No",0
"4927-WWOOZ","Male",53,"Yes","No",2,1,"No",0,2,1,"Occasional",1,91.45,"No",0
"3255-GRXMG","Male",46,"No","Yes",18,1,"DSL",0,2,0,"Occasional",1,45.65,"No",0
"9779-DPNEJ","Female",23,"Yes","Yes",22,1,"DSL",0,2,2,"Occasional",1,80.15,"No",0
"6078-VESFR","Male",67,"Yes","No",13,1,"Fiber optic",0,2,0,"Occasional",1,70.45,"No",0
"6734-CKRSM","Female",20,"No","No",3,1,"No",0,1,0,"Occasional",1,20,"No",0
"4782-OSFXZ","Female",84,"Yes","No",71,2,"5G",3,3,2,"Occasional",24,82.7,"No",0
"9553-DLCLU","Female",52,"No","Yes",13,2,"5G",3,3,3,"Occasional",24,88.95,"No",0
"0369-ZGOVK","Female",47,"Yes","Yes",28,1,"No",0,2,0,"Occasional",12,70.4,"No",0
"8000-REIQB","Female",69,"No","No",1,1,"5G",0,2,0,"Frequent",1,69.95,"Yes",0
"9474-PHLYD","Female",52,"No","No",15,1,"DSL",0,2,2,"Frequent",1,59.45,"Yes",0
"6297-NOOPG","Female",42,"Yes","No",70,2,"Fiber optic",2,3,3,"Occasional",24,110.5,"No",0
"0562-FGDCR","Female",37,"Yes","Yes",72,2,"DSL",3,3,1,"Occasional",24,74.55,"No",0
"3769-MHZNV","Female",55,"No","No",33,1,"No",0,1,0,"Occasional",24,20.1,"No",0
"6741-QRLUP","Female",27,"No","No",63,2,"DSL",3,3,2,"Occasional",24,80.3,"No",0
"0168-XZKBB","Female",48,"Yes","No",19,2,"Fiber optic",0,2,1,"Occasional",1,86.85,"No",0
"1751-NCDLI","Male",70,"Yes","No",46,2,"5G",0,2,3,"Occasional",1,98.85,"No",0
"7841-FCRQD","Female",58,"Yes","No",33,1,"DSL",2,3,0,"Occasional",12,53.75,"No",0
"3898-GUYTS","Female",69,"No","No",45,2,"Fiber optic",3,3,1,"Occasional",1,97.05,"No",0
"5847-MXBEO","Male",58,"No","No",22,1,"No",0,1,0,"Occasional",12,20.3,"No",0
"5049-GLYVG","Male",21,"No","No",1,1,"No",0,1,0,"Occasional",1,20.6,"Yes",0
"2484-DGXPZ","Female",19,"Yes","Yes",31,1,"5G",0,1,0,"Occasional",1,19.55,"Yes",0
"2969-VAPYH","Female",21,"No","No",67,1,"DSL",3,3,0,"Occasional",12,60.5,"No",0
"1830-IPXVJ","Female",39,"No","No",61,1,"No",0,1,0,"Occasional",24,19.75,"No",0
"0572-ZJKLT","Female",54,"Yes","Yes",46,2,"Fiber optic",1,3,2,"Occasional",24,99.65,"No",0
"1730-VFMWO","Female",26,"Yes","No",34,1,"5G",0,3,0,"Occasional",1,50.2,"No",0
"9334-GWGOW","Male",82,"Yes","No",7,2,"Fiber optic",0,2,0,"Occasional",1,74.85,"No",0
"1245-HARPS","Female",53,"No","No",14,1,"No",0,1,0,"Occasional",24,20.4,"No",0
"5501-TVMGM","Male",40,"No","No",1,1,"No",0,2,2,"Occasional",1,55.25,"No",0
"6463-MVYRY","Female",71,"No","No",57,1,"No",1,3,1,"Occasional",24,69.85,"No",0
"8590-YFFQO","Male",52,"Yes","No",70,1,"5G",3,3,0,"Occasional",24,64.95,"No",0
"4188-PCPIG","Female",39,"Yes","No",57,1,"DSL",3,3,1,"Occasional",24,70.35,"No",0
"4360-QRAVE","Male",83,"No","No",37,1,"No",2,2,0,"Occasional",1,36.65,"No",0
"5126-RCXYW","Male",37,"Yes","Yes",54,0,"DSL",0,3,2,"Occasional",24,46,"No",0
"2034-CGRHZ","Male",89,"No","No",24,2,"Fiber optic",2,2,3,"Frequent",1,102.95,"Yes",0
"5093-FEGLU","Female",55,"No","No",47,1,"No",0,1,0,"Occasional",24,19.65,"No",0
"7401-JIXNM","Female",51,"Yes","Yes",54,2,"DSL",3,3,3,"Occasional",24,91.3,"No",0
"5419-CONWX","Female",78,"No","No",4,1,"DSL",2,2,3,"Frequent",1,99.8,"Yes",0
"9124-LHCJQ","Female",46,"No","No",1,1,"No",0,2,2,"Frequent",1,85.45,"Yes",0
"4877-TSOFF","Female",40,"Yes","Yes",55,2,"DSL",3,3,2,"Occasional",12,75.75,"No",0
"0130-SXOUN","Male",23,"No","No",66,2,"Fiber optic",2,2,2,"Occasional",1,89.4,"No",0
"6849-OYAMU","Male",55,"Yes","Yes",19,1,"Fiber optic",2,3,3,"Occasional",12,100,"Yes",0
"0080-OROZO","Female",37,"No","No",35,1,"DSL",0,3,3,"Occasional",12,99.25,"No",0
"8313-KTIHG","Male",32,"No","No",4,1,"DSL",0,3,1,"Occasional",1,61.3,"No",0
"4879-GZLFH","Female",32,"Yes","Yes",42,1,"Fiber optic",0,2,3,"Occasional",1,92.15,"No",0
"6734-FQAJX","Male",80,"No","No",67,1,"Fiber optic",3,3,3,"Occasional",24,105.05,"No",0
"1612-EOHDH","Female",56,"No","No",1,1,"5G",0,2,0,"Frequent",1,45.15,"Yes",0
"2027-DNKIV","Male",61,"Yes","Yes",37,1,"DSL",1,3,0,"Occasional",12,58.75,"No",0
"2927-CVULT","Female",28,"Yes","Yes",53,2,"Fiber optic",3,3,2,"Occasional",24,104.05,"No",0
"0303-WMMRN","Male",45,"No","No",5,1,"No",0,1,0,"Occasional",1,19.25,"No",0
"8480-PPONV","Male",32,"Yes","Yes",62,2,"5G",3,3,3,"Occasional",24,115.55,"No",0
"7603-USHJS","Male",39,"No","No",12,2,"Fiber optic",0,2,0,"Frequent",1,73.75,"Yes",0
"7321-ZNSLA","Male",36,"Yes","Yes",13,0,"DSL",3,3,0,"Occasional",24,40.55,"No",0
"0675-NCDYU","Female",19,"Yes","Yes",72,2,"Fiber optic",3,3,3,"Occasional",24,116.4,"No",0
"6674-KVJHG","Female",55,"No","No",11,2,"No",0,1,0,"Occasional",12,25.2,"No",0
"5568-DMXZS","Female",40,"No","No",8,1,"DSL",2,3,1,"Occasional",1,65.45,"No",0
"9499-XPZXM","Female",44,"Yes","No",72,2,"DSL",3,3,0,"Occasional",24,64.75,"No",0
"1952-DVVSW","Female",21,"Yes","No",10,1,"No",0,1,0,"Occasional",12,20.1,"No",0
"3873-WOSBC","Male",36,"No","No",67,2,"No",0,1,0,"Occasional",24,25.6,"No",0
"8878-RYUKI","Female",33,"No","No",52,1,"DSL",0,2,2,"Occasional",1,59.45,"No",0
"0329-GTIAJ","Female",31,"No","No",3,1,"Fiber optic",2,3,3,"Occasional",1,97.9,"Yes",0
"4043-MKDTV","Male",30,"Yes","No",71,1,"Fiber optic",2,3,3,"Occasional",24,105.25,"No",0
"1599-EAHXY","Male",42,"No","No",60,1,"No",0,1,0,"Occasional",12,23.95,"No",0
"1790-NESIO","Female",46,"No","No",13,1,"No",0,1,0,"Occasional",24,20.4,"No",0
"0137-UDEUO","Female",56,"No","No",3,1,"No",0,1,0,"Occasional",1,19.85,"Yes",0
"9776-OJUZI","Female",88,"No","No",65,2,"5G",2,2,1,"Occasional",1,95.45,"No",0
"5445-PZWGX","Male",26,"No","No",62,2,"Fiber optic",3,3,2,"Occasional",12,102,"Yes",0
"2775-SEFEE","Male",24,"No","Yes",0,2,"DSL",3,3,0,"Occasional",24,61.9,"No",0
"3911-RSNHI","Female",63,"Yes","No",71,1,"No",2,3,3,"Occasional",24,61.4,"No",0
"9885-MFVSU","Female",29,"Yes","Yes",35,0,"5G",1,3,1,"Occasional",24,46.35,"No",0
"2990-IAJSV","Male",63,"No","No",72,2,"DSL",3,3,3,"Occasional",24,92,"No",0
"8595-SIZNC","Female",61,"No","No",22,2,"No",0,1,0,"Occasional",12,25.6,"No",0
"0224-HJAPT","Male",54,"No","No",5,2,"5G",0,2,0,"Frequent",1,47.15,"Yes",0
"2984-TBYKU","Male",31,"Yes","Yes",72,2,"Fiber optic",3,3,2,"Occasional",24,104.9,"No",0
"0423-UDIJQ","Male",81,"No","No",9,1,"DSL",0,3,0,"Occasional",1,49.2,"No",0
"7409-JURKQ","Female",55,"Yes","No",53,2,"5G",2,3,3,"Occasional",12,111.8,"No",0
"3258-SANFR","Male",86,"No","No",6,1,"DSL",0,2,0,"Occasional",1,44.7,"No",0
"5380-AFSSK","Female",63,"No","No",5,2,"Fiber optic",0,2,3,"Frequent",1,93.9,"Yes",0
"5120-ZBLAI","Female",60,"Yes","No",50,2,"DSL",0,2,3,"Occasional",12,75.7,"No",0
"1591-XWLGB","Female",20,"Yes","No",71,1,"No",0,1,0,"Occasional",24,19.85,"No",0
"5813-UECBU","Male",65,"No","No",33,2,"Fiber optic",2,2,0,"Frequent",1,83.85,"Yes",0
"7305-ZWMAJ","Male",54,"No","No",30,1,"No",0,1,0,"Occasional",12,20.7,"No",0
"7137-NAXML","Male",19,"No","No",23,1,"No",0,1,0,"Occasional",12,20.15,"No",0
"2038-YSEZE","Female",42,"No","No",29,2,"DSL",3,3,0,"Occasional",1,67.45,"No",0
"9606-PBKBQ","Male",67,"Yes","No",32,2,"5G",0,2,2,"Frequent",1,85,"Yes",0
"0701-RFGFI","Female",25,"Yes","Yes",49,2,"5G",0,2,3,"Occasional",1,95.4,"No",0
"9489-JMTTN","Female",63,"Yes","Yes",72,2,"DSL",3,3,3,"Occasional",24,89.75,"No",0
"7694-VLBWQ","Male",24,"Yes","No",67,2,"5G",2,2,3,"Frequent",12,104.1,"Yes",0
"6689-TCZHQ","Female",89,"No","No",5,1,"5G",0,2,2,"Frequent",1,78.95,"Yes",0
"2079-FBMZK","Female",63,"No","No",6,1,"Fiber optic",0,2,0,"Frequent",1,69.25,"Yes",0
"2737-WFVYW","Female",32,"No","No",2,0,"DSL",0,2,3,"Frequent",1,45.25,"Yes",0
"2773-MADBQ","Female",51,"No","No",36,0,"5G",3,3,2,"Occasional",24,53.1,"No",0
"4115-UMJFQ","Male",44,"No","No",69,0,"5G",2,2,0,"Occasional",12,35.75,"No",0
"7647-GYYKX","Female",19,"Yes","Yes",54,1,"No",0,1,0,"Occasional",24,20.35,"No",0
"0661-KBKPA","Male",39,"Yes","Yes",53,2,"No",0,3,3,"Occasional",12,78.75,"No",0
"4825-XJGDM","Female",19,"No","No",61,1,"No",3,3,0,"Occasional",12,43.7,"No",0
"5995-LFTLE","Male",44,"No","No",58,2,"No",0,1,0,"Occasional",24,25.3,"No",0
"7024-OHCCK","Female",71,"No","No",2,2,"DSL",0,2,3,"Frequent",1,93.85,"Yes",0
"4800-CZMPC","Female",22,"Yes","Yes",48,2,"5G",3,2,3,"Frequent",12,103.25,"Yes",0
"0655-RBDUG","Male",27,"No","No",7,2,"5G",0,2,3,"Occasional",1,98.05,"Yes",0
"1090-PYKCI","Female",53,"Yes","Yes",69,2,"Fiber optic",3,3,1,"Occasional",12,105.1,"No",0
"5727-MYATE","Male",29,"Yes","Yes",72,2,"DSL",3,3,3,"Occasional",24,90.8,"No",0
"8060-HIWJJ","Male",55,"No","No",64,2,"5G",2,3,3,"Occasional",24,86.55,"No",0
"8714-EUHJO","Female",56,"Yes","Yes",31,2,"Fiber optic",2,2,2,"Frequent",1,91.15,"Yes",0
"8245-UMPYT","Female",72,"No","No",16,1,"DSL",0,2,3,"Frequent",1,96.4,"Yes",0
"0263-FJTQO","Male",22,"Yes","Yes",50,1,"DSL",1,3,1,"Occasional",24,70.5,"No",0
"1017-FBQMM","Female",45,"Yes","Yes",62,1,"No",2,3,3,"Occasional",12,106.05,"No",0
"3346-BRMIS","Female",69,"Yes","No",18,0,"DSL",0,2,3,"Frequent",1,48.35,"Yes",0
"8174-LNWMW","Female",55,"No","No",31,1,"No",0,1,0,"Occasional",24,20.9,"No",0
"3439-GVUSX","Male",36,"No","No",1,0,"DSL",0,2,0,"Occasional",1,24.4,"No",0
"8634-CILSZ","Male",36,"No","No",69,2,"Fiber optic",2,3,3,"Occasional",12,104.7,"Yes",0
"2476-YGEFM","Female",53,"No","No",29,2,"Fiber optic",0,2,0,"Occasional",1,76,"No",0
"4609-KNNWG","Female",40,"No","No",27,1,"No",0,1,0,"Occasional",24,19.9,"No",0
"7114-AEOZE","Female",20,"No","No",60,1,"5G",0,1,0,"Occasional",24,19.85,"No",0
"1776-SPBWV","Female",59,"No","No",34,1,"No",0,1,0,"Occasional",12,20.1,"No",0
"0032-PGELS","Female",21,"Yes","Yes",1,0,"DSL",1,2,0,"Frequent",1,30.5,"Yes",0
"0254-WWRKD","Female",64,"Yes","Yes",67,1,"DSL",2,2,0,"Occasional",12,50.55,"No",0
"1502-XFCVR","Female",50,"No","No",58,1,"Fiber optic",3,2,3,"Frequent",12,106.45,"Yes",0
"5663-QBGIS","Male",88,"Yes","No",72,2,"5G",2,2,3,"Occasional",24,98.35,"No",0
"4553-DVPZG","Female",45,"Yes","No",62,2,"Fiber optic",0,2,3,"Occasional",1,101.35,"No",0
"7586-ZATGZ","Male",47,"No","No",40,1,"No",0,2,1,"Occasional",1,84.9,"No",0
"9258-CNWAC","Female",59,"Yes","Yes",71,2,"Fiber optic",3,3,3,"Occasional",24,113.65,"No",0
"9821-BESNZ","Male",37,"No","No",66,2,"Fiber optic",2,3,3,"Occasional",12,104.25,"No",0
"8224-UAXBZ","Female",23,"Yes","No",58,0,"DSL",3,2,1,"Occasional",12,45.35,"No",0
"3374-TTZTK","Male",48,"Yes","No",52,1,"Fiber optic",3,3,3,"Occasional",24,106.3,"No",0
"3452-FLHYD","Male",22,"Yes","No",25,1,"5G",0,1,0,"Occasional",12,20.95,"No",0
"1644-IRKSF","Female",37,"Yes","Yes",33,1,"Fiber optic",0,2,3,"Frequent",12,93.8,"Yes",0
"1047-NNCBF","Male",25,"No","No",20,1,"5G",0,2,0,"Occasional",1,70.55,"No",0
"2452-MRMZF","Female",59,"No","No",72,2,"No",0,1,0,"Occasional",24,25.7,"No",0
"2824-MYYBN","Female",33,"Yes","Yes",37,2,"Fiber optic",0,2,3,"Occasional",1,95.25,"No",0
"4298-OYIFC","Male",62,"No","No",15,2,"Fiber optic",0,3,3,"Occasional",1,103.45,"No",0
"0019-EFAEP","Female",25,"No","No",72,2,"5G",3,2,1,"Occasional",24,101.3,"No",0
"3086-RUCRN","Female",61,"No","No",66,2,"Fiber optic",3,3,2,"Occasional",1,103.1,"No",0
"0064-SUDOG","Female",63,"No","No",12,1,"No",0,1,0,"Occasional",24,20.3,"No",0
"7341-LXCAF","Male",26,"Yes","No",4,1,"No",0,2,0,"Frequent",1,74.65,"Yes",0
"9112-WSNPU","Female",69,"No","No",35,1,"Fiber optic",0,2,0,"Occasional",1,70.55,"No",0
"7801-CEDNV","Male",28,"Yes","No",27,1,"DSL",1,2,0,"Occasional",12,48.7,"No",0
"9776-CLUJA","Female",66,"Yes","No",51,2,"Fiber optic",1,2,0,"Frequent",1,77.5,"Yes",0
"5227-JSCFE","Male",72,"Yes","No",71,0,"DSL",3,3,0,"Occasional",24,46.35,"No",0
"7169-YWAMK","Male",48,"Yes","Yes",72,1,"DSL",3,3,1,"Occasional",24,68.4,"No",0
"3308-MHOOC","Male",59,"No","No",1,1,"No",0,1,0,"Occasional",1,19.2,"No",0
"4062-HBMOS","Male",33,"No","No",52,2,"Fiber optic",2,2,3,"Occasional",1,103.05,"No",0
"3498-LZGQZ","Male",49,"No","No",63,1,"DSL",0,1,0,"Occasional",24,19.15,"No",0
"9402-ROUMJ","Female",47,"Yes","Yes",67,2,"Fiber optic",1,3,2,"Occasional",12,100.25,"No",0
"1810-BOHSY","Male",27,"Yes","No",51,1,"No",3,2,2,"Occasional",12,96.4,"No",0
"6994-KERXL","Male",20,"No","No",4,1,"DSL",0,2,2,"Occasional",1,55.9,"No",0
"3213-VVOLG","Male",19,"Yes","Yes",0,2,"No",0,1,0,"Occasional",24,25.35,"No",0
"0707-HOVVN","Female",87,"No","No",70,2,"DSL",2,3,1,"Occasional",24,75.5,"No",0
"3472-QPRCH","Male",63,"No","No",40,2,"No",0,1,0,"Occasional",24,25.25,"No",0
"7503-EPSZW","Female",52,"No","No",64,2,"No",0,1,0,"Occasional",24,24.05,"No",0
"2446-PLQVO","Male",61,"No","No",1,1,"Fiber optic",0,2,0,"Frequent",1,70.3,"Yes",0
"3707-LRWZD","Female",64,"No","No",32,2,"Fiber optic",0,2,1,"Frequent",12,84.05,"Yes",0
"4385-ZKVNW","Male",59,"Yes","Yes",44,1,"DSL",2,3,0,"Occasional",1,54.9,"No",0
"4282-YMKNA","Female",49,"No","No",9,2,"Fiber optic",0,2,0,"Frequent",1,74.75,"Yes",0
"1936-UAFEH","Female",56,"No","No",68,2,"Fiber optic",3,3,3,"Occasional",24,110.25,"No",0
"6122-LJADA","Male",32,"Yes","Yes",70,2,"DSL",3,3,3,"Occasional",24,90.15,"No",0
"1169-WCVAK","Male",25,"Yes","No",19,2,"Fiber optic",3,3,0,"Occasional",1,88.8,"No",0
"4441-NIHPT","Female",65,"No","No",13,1,"5G",0,2,0,"Occasional",1,74.3,"Yes",0
"9547-ITEFG","Male",26,"Yes","Yes",9,2,"Fiber optic",2,2,3,"Occasional",1,102.6,"No",0
"7754-IXRMC","Female",37,"No","No",1,1,"DSL",0,2,0,"Occasional",1,45.35,"No",0
"4011-ARPHK","Male",64,"No","No",27,1,"DSL",1,2,0,"Occasional",1,50.35,"No",0
"8189-XRIKE","Female",68,"No","No",32,1,"Fiber optic",0,2,3,"Occasional",1,90.95,"No",0
"6082-OQFBA","Male",20,"Yes","Yes",23,1,"5G",0,1,0,"Occasional",12,19.65,"No",0
"3865-ZFZIB","Male",55,"No","No",19,1,"No",0,1,0,"Occasional",24,19.65,"No",0
"6933-FHBZC","Female",44,"No","No",26,1,"DSL",2,2,0,"Occasional",12,56.05,"No",0
"0666-UXTJO","Male",65,"Yes","No",34,1,"Fiber optic",0,2,1,"Occasional",1,85.2,"No",0
"8963-MQVYN","Female",46,"No","No",22,1,"No",0,1,0,"Occasional",1,20.55,"No",0
"5146-YYFRZ","Male",46,"No","No",67,1,"No",0,1,0,"Occasional",24,19.95,"No",0
"6101-IMRMM","Male",46,"No","Yes",6,1,"Fiber optic",0,2,3,"Frequent",1,94.5,"Yes",0
"6227-FBDXH","Male",63,"Yes","No",69,2,"5G",0,2,3,"Occasional",12,99.5,"No",0
"8757-TFHHJ","Male",45,"No","No",1,1,"DSL",1,2,0,"Occasional",1,49.8,"No",0
"2056-EVGZL","Male",44,"Yes","Yes",68,1,"Fiber optic",2,3,3,"Occasional",12,105.75,"No",0
"7776-QWNFX","Male",65,"Yes","No",30,1,"5G",2,2,0,"Frequent",1,50.4,"Yes",0
"9030-QGZNL","Female",20,"No","No",8,1,"5G",0,1,0,"Occasional",24,20.85,"No",0
"3096-WPXBT","Female",64,"Yes","Yes",61,1,"No",3,2,2,"Occasional",12,100.7,"No",0
"5229-PRWKT","Male",45,"No","No",8,2,"Fiber optic",0,2,2,"Frequent",1,86.55,"Yes",0
"7881-EVUAD","Female",39,"No","No",2,0,"5G",3,2,2,"Frequent",1,42.6,"Yes",0
"9371-BITHB","Female",21,"Yes","Yes",52,1,"No",0,1,0,"Occasional",24,19.85,"No",0
"5397-TUPSH","Male",73,"Yes","No",65,1,"Fiber optic",0,2,0,"Occasional",12,70.95,"No",0
"7317-GGVPB","Male",27,"Yes","No",71,1,"No",2,3,3,"Occasional",24,108.6,"Yes",0
"4611-ANLQC","Female",51,"Yes","No",60,1,"No",3,2,2,"Occasional",12,50.05,"No",0
"4631-OACRM","Male",73,"No","No",15,1,"Fiber optic",0,2,2,"Frequent",1,79.4,"Yes",0
"4282-ACRXS","Male",69,"Yes","No",38,0,"DSL",0,2,0,"Occasional",1,24.85,"No",0
"8840-DQLGN","Female",84,"Yes","No",35,2,"5G",3,3,1,"Occasional",1,100.5,"Yes",0
"2398-YPMUR","Female",71,"Yes","No",13,1,"Fiber optic",0,2,0,"Frequent",1,70.15,"Yes",0
"7020-OZKXZ","Female",82,"No","No",9,1,"5G",0,2,0,"Occasional",1,75.5,"No",0
"8735-NBLWT","Male",40,"No","No",9,1,"No",0,1,0,"Occasional",1,20.4,"No",0
"1545-JFUML","Male",29,"Yes","No",71,2,"Fiber optic",3,2,1,"Occasional",24,99,"No",0
"8548-AWOFC","Male",52,"Yes","No",66,2,"5G",0,3,2,"Occasional",1,63.85,"No",0
"9948-YPTDG","Male",23,"Yes","No",38,1,"5G",3,2,0,"Occasional",1,79.45,"Yes",0
"8295-FHIVV","Male",64,"No","No",7,1,"DSL",0,1,0,"Occasional",1,19.4,"No",0
"7598-UAASY","Male",34,"Yes","No",2,1,"No",0,2,0,"Frequent",1,76.4,"Yes",0
"0384-RVBPI","Male",26,"No","No",20,1,"5G",1,2,2,"Occasional",1,64.4,"No",0
"4570-QHXHL","Female",47,"No","No",9,1,"DSL",0,2,0,"Occasional",1,43.75,"No",0
"0268-QKIWO","Female",43,"No","No",3,2,"No",0,1,0,"Occasional",1,19.75,"Yes",0
"4559-UWIHT","Male",51,"Yes","No",14,2,"5G",2,2,0,"Occasional",1,82.65,"No",0
"2725-TTRIQ","Female",53,"Yes","Yes",72,2,"DSL",1,3,3,"Occasional",24,84.2,"No",0
"5110-CHOPY","Female",48,"No","No",60,0,"5G",1,2,3,"Occasional",24,53.6,"No",0
"4830-FAXFM","Male",22,"No","Yes",19,1,"No",0,1,0,"Occasional",1,24.1,"No",0
"6087-YPWHO","Male",63,"Yes","No",72,2,"DSL",3,3,0,"Occasional",24,68.15,"No",0
"2402-TAIRZ","Female",51,"No","No",37,1,"No",2,2,0,"Occasional",12,80.05,"No",0
"5453-AXEPF","Male",40,"Yes","No",17,2,"Fiber optic",2,2,0,"Occasional",1,80.5,"No",0
"2057-ZBLPD","Female",32,"Yes","No",21,2,"Fiber optic",0,2,2,"Frequent",1,86.5,"Yes",0
"3370-GQEAL","Male",27,"Yes","Yes",30,2,"Fiber optic",0,2,1,"Occasional",1,85.45,"No",0
"7541-YLXCL","Male",22,"No","No",36,1,"DSL",2,3,2,"Occasional",12,65.4,"Yes",0
"3486-KHMLI","Male",47,"No","No",21,2,"5G",0,1,0,"Occasional",1,24.7,"No",0
"3721-CNEYS","Female",57,"No","No",2,1,"Fiber optic",0,2,0,"Frequent",1,70.95,"Yes",0
"8345-MVDYC","Female",62,"No","No",45,1,"DSL",1,3,3,"Occasional",24,81.65,"No",0
"7893-IXHRQ","Male",20,"No","No",1,1,"5G",0,1,0,"Occasional",1,20.55,"Yes",0
"8690-ZVLCL","Female",47,"Yes","Yes",68,1,"DSL",3,3,3,"Occasional",24,88,"No",0
"2754-VDLTR","Male",45,"No","Yes",10,2,"Fiber optic",0,2,3,"Frequent",1,95.2,"Yes",0
"0328-GRPMV","Female",52,"No","No",1,1,"Fiber optic",0,2,0,"Frequent",1,70.1,"Yes",0
"4098-NAUKP","Male",82,"Yes","Yes",68,2,"Fiber optic",2,2,0,"Occasional",1,84.65,"No",0
"9647-ERGBE","Female",49,"Yes","Yes",30,2,"Fiber optic",0,2,3,"Frequent",1,100.05,"Yes",0
"8148-BPLZQ","Male",57,"No","No",34,1,"DSL",2,2,0,"Occasional",1,49.8,"No",0
"6668-CNMFP","Female",60,"Yes","Yes",19,2,"Fiber optic",0,3,2,"Occasional",12,89.35,"No",0
"5133-VRSAB","Male",52,"No","No",8,1,"No",1,2,0,"Occasional",1,29.35,"No",0
"2541-YGPKE","Male",51,"Yes","Yes",42,1,"DSL",1,3,2,"Occasional",12,63.7,"No",0
"9330-IJWIO","Female",32,"No","No",13,2,"Fiber optic",1,2,3,"Frequent",1,100.35,"Yes",0
"2746-DIJLO","Female",53,"No","No",41,1,"No",2,2,0,"Occasional",12,56.3,"No",0
"5868-YWPDW","Male",77,"Yes","No",6,1,"Fiber optic",2,2,2,"Frequent",1,84.2,"Yes",0
"7881-INRLC","Male",63,"No","No",45,2,"Fiber optic",2,2,3,"Frequent",1,100.85,"Yes",0
"7488-MXJIV","Female",33,"No","No",4,2,"DSL",0,2,1,"Frequent",1,85.65,"Yes",0
"5916-QEWPT","Female",44,"Yes","No",2,1,"DSL",0,2,3,"Occasional",1,69,"No",0
"6848-HJTXY","Female",42,"No","No",64,1,"No",0,1,0,"Occasional",24,19.45,"No",0
"5859-HZYLF","Male",53,"No","No",26,1,"5G",0,1,0,"Occasional",24,19.15,"No",0
"0336-PIKEI","Male",90,"Yes","No",72,1,"5G",3,3,1,"Occasional",24,74.4,"No",0
"3654-ARMGP","Female",60,"No","No",61,2,"DSL",2,3,3,"Occasional",24,88.65,"No",0
"7688-AWMDX","Male",34,"Yes","No",71,1,"DSL",1,3,0,"Occasional",24,54.5,"No",0
"9495-REDIY","Male",19,"No","Yes",25,0,"DSL",1,2,1,"Occasional",12,40.65,"No",0
"5281-BUZGT","Male",71,"No","No",36,2,"Fiber optic",1,2,1,"Frequent",1,90.85,"Yes",0
"6112-KTHFQ","Female",46,"No","No",13,1,"No",0,1,0,"Occasional",1,19.3,"No",0
"6619-RPLQZ","Female",21,"Yes","Yes",45,1,"5G",0,1,0,"Occasional",24,20.85,"No",0
"8896-BQTTI","Male",63,"No","No",1,1,"DSL",0,1,0,"Occasional",1,25,"No",0
"5032-MIYKT","Female",60,"No","No",1,1,"Fiber optic",0,2,0,"Occasional",1,70.7,"No",0
"1755-RMCXH","Male",47,"No","No",2,1,"No",0,1,0,"Occasional",1,20.3,"No",0
"5857-XRECV","Female",60,"No","No",2,1,"No",0,1,0,"Occasional",12,20.5,"No",0
"4910-AQFFX","Male",43,"Yes","Yes",9,2,"Fiber optic",0,2,0,"Frequent",1,79.35,"Yes",0
"0362-RAOQO","Female",22,"No","No",40,1,"5G",0,1,0,"Occasional",24,19.65,"No",0
"7167-PCEYD","Male",20,"No","No",67,1,"No",0,1,0,"Occasional",24,19.8,"No",0
"5397-NSKQG","Male",55,"Yes","Yes",67,1,"No",1,2,3,"Occasional",24,50.9,"No",0
"5816-SCGFC","Female",84,"No","No",7,1,"DSL",2,2,0,"Occasional",1,51.3,"No",0
"3945-GFWQL","Female",60,"No","Yes",12,1,"DSL",0,2,0,"Frequent",1,44.55,"Yes",0
"1853-UDXBW","Male",36,"Yes","Yes",1,1,"Fiber optic",0,2,0,"Frequent",1,70,"Yes",0
"0559-CKHUS","Female",59,"No","No",29,1,"No",0,1,0,"Occasional",24,19.55,"No",0
"3023-GFLBR","Female",24,"Yes","Yes",33,2,"DSL",0,2,2,"Frequent",1,86.15,"Yes",0
"3446-QDSZF","Female",63,"No","No",4,1,"DSL",0,2,1,"Occasional",1,55.5,"No",0
"4525-VZCZG","Male",36,"No","Yes",54,1,"5G",3,3,3,"Occasional",12,105.85,"No",0
"5039-LZRQT","Female",19,"No","No",13,1,"5G",0,1,0,"Occasional",12,20.2,"No",0
"3915-ODIYG","Male",70,"No","No",60,2,"DSL",3,2,2,"Occasional",12,71.75,"No",0
"2675-DHUTR","Male",74,"Yes","No",58,2,"Fiber optic",2,2,3,"Occasional",1,98.9,"No",0
"9814-AOUDH","Male",19,"No","No",53,1,"No",0,1,0,"Occasional",24,19.5,"No",0
"4256-ZWTZI","Female",25,"No","Yes",5,1,"DSL",0,3,0,"Occasional",1,51,"No",0
"3160-TYXLT","Male",43,"No","No",53,0,"DSL",3,2,2,"Occasional",1,46.3,"No",0
"8417-GSODA","Male",59,"Yes","Yes",28,2,"Fiber optic",0,2,3,"Occasional",12,92.2,"No",0
"5597-GLBUC","Female",55,"No","No",1,1,"Fiber optic",0,2,1,"Frequent",1,85.45,"Yes",0
"7325-ENZFI","Female",48,"No","No",39,0,"DSL",3,3,0,"Occasional",12,40.3,"No",0
"0827-ITJPH","Male",20,"No","No",36,1,"No",0,1,0,"Occasional",24,18.55,"No",0
"4893-GYUJU","Female",46,"No","No",50,1,"No",0,1,0,"Occasional",12,19.35,"No",0
"8250-ZNGGW","Female",66,"No","No",5,1,"No",3,3,0,"Occasional",1,59.9,"No",0
"7750-EYXWZ","Female",38,"No","No",12,0,"DSL",2,3,3,"Occasional",12,60.65,"No",0
"2876-VBBBL","Female",53,"No","No",1,1,"No",0,1,0,"Occasional",1,20.25,"Yes",0
"0516-OOHAR","Male",57,"Yes","Yes",28,1,"Fiber optic",2,2,3,"Occasional",12,100.35,"No",0
"5373-SFODM","Male",68,"Yes","No",36,1,"No",0,2,2,"Frequent",1,85.25,"Yes",0
"5923-GXUOC","Male",51,"No","No",10,1,"Fiber optic",3,2,3,"Frequent",1,104.4,"Yes",0
"1970-KKFWL","Female",44,"No","No",35,2,"5G",0,1,0,"Occasional",24,23.3,"No",0
"4547-LYTDD","Female",28,"No","No",16,2,"5G",0,2,0,"Frequent",1,72.65,"Yes",0
"6128-DAFVY","Female",41,"No","No",56,0,"DSL",0,2,3,"Occasional",1,44.85,"No",0
"1518-OMDIK","Male",55,"Yes","No",33,1,"DSL",0,2,0,"Occasional",1,44.55,"No",0
"6646-JPPHA","Female",85,"No","No",14,1,"Fiber optic",3,2,0,"Occasional",1,78.85,"No",0
"5216-WASFJ","Female",88,"Yes","No",31,2,"Fiber optic",0,2,2,"Occasional",1,84.85,"No",0
"1545-ACTAS","Female",26,"Yes","Yes",48,1,"Fiber optic",1,2,3,"Occasional",12,99.7,"No",0
"0829-XXPLX","Female",57,"No","No",20,1,"Fiber optic",1,2,1,"Occasional",1,89.4,"No",0
"0343-QLUZP","Male",39,"No","No",60,0,"5G",3,2,0,"Occasional",24,39.6,"No",0
"4647-XXZAM","Female",63,"No","No",6,1,"DSL",0,2,0,"Occasional",1,45.5,"No",0
"2187-LZGPL","Female",30,"No","No",7,0,"DSL",2,2,2,"Frequent",1,40.1,"Yes",0
"2882-DDZPG","Female",42,"No","No",12,1,"No",0,1,0,"Occasional",1,19.45,"No",0
"4566-GOLUK","Male",52,"No","No",47,2,"5G",0,3,3,"Occasional",1,107.35,"Yes",0
"9068-VPWQQ","Male",35,"Yes","No",61,2,"5G",1,3,2,"Occasional",24,75.35,"No",0
"3229-USWAR","Female",38,"No","No",34,1,"DSL",1,3,3,"Occasional",12,79.95,"No",0
"6304-IJFSQ","Male",51,"No","No",3,1,"DSL",2,2,0,"Frequent",1,49.9,"Yes",0
"6339-RZCBJ","Male",21,"No","No",48,1,"DSL",2,3,3,"Occasional",24,78.9,"No",0
"7459-IMVYU","Male",39,"No","No",38,2,"5G",3,3,0,"Occasional",1,69.95,"No",0
"4822-YCXMX","Male",34,"No","No",25,2,"Fiber optic",0,2,2,"Frequent",1,84.8,"Yes",0
"1839-UMACK","Male",39,"No","No",42,2,"5G",0,1,0,"Occasional",12,25.05,"No",0
"5647-FXOTP","Female",75,"Yes","No",60,2,"Fiber optic",2,2,3,"Occasional",1,105.9,"No",0
"2314-TNDJQ","Female",55,"Yes","Yes",72,0,"DSL",3,3,2,"Occasional",24,55.65,"No",0
"5196-SGOAK","Female",21,"No","No",1,1,"Fiber optic",2,2,0,"Frequent",1,75.7,"Yes",0
"5271-YNWVR","Male",55,"Yes","Yes",68,2,"Fiber optic",3,3,3,"Occasional",24,113.15,"Yes",0
"0056-EPFBG","Male",21,"Yes","Yes",20,0,"DSL",1,3,0,"Occasional",24,39.4,"No",0
"7073-QETQY","Male",19,"Yes","Yes",66,1,"5G",0,1,0,"Occasional",12,20.35,"No",0
"3737-GCSPV","Female",53,"Yes","No",11,2,"Fiber optic",1,3,1,"Occasional",1,96.2,"Yes",0
"2074-GUHPQ","Female",59,"No","Yes",17,2,"Fiber optic",2,3,0,"Occasional",1,92.7,"No",0
"6637-KYRCV","Female",22,"Yes","Yes",5,0,"5G",2,2,0,"Occasional",1,30.5,"No",0
"7266-GSSJX","Male",21,"Yes","Yes",11,1,"5G",0,1,0,"Occasional",1,20.45,"No",0
"9129-UXERG","Female",86,"No","No",18,2,"Fiber optic",2,3,3,"Occasional",1,103.6,"No",0
"8755-IWJHN","Male",66,"Yes","No",69,2,"Fiber optic",2,2,2,"Occasional",1,95.35,"No",0
"7029-RPUAV","Male",65,"Yes","No",17,2,"DSL",0,2,3,"Occasional",1,100.45,"Yes",0
"7137-RYLPP","Male",67,"Yes","No",37,2,"Fiber optic",0,2,1,"Frequent",1,85.7,"Yes",0
"7824-PANSQ","Male",55,"No","No",58,2,"Fiber optic",0,3,0,"Occasional",1,80.65,"No",0
"8466-PZBLH","Male",35,"Yes","Yes",67,2,"5G",1,3,3,"Occasional",24,104.6,"No",0
"0807-ZABDG","Female",34,"No","Yes",3,1,"DSL",1,3,0,"Occasional",1,55.1,"Yes",0
"8624-GIOUT","Female",21,"No","No",49,2,"5G",3,2,0,"Frequent",1,59.75,"Yes",0
"2890-WFBHU","Female",40,"No","No",59,2,"DSL",3,3,2,"Occasional",12,79.85,"No",0
"5928-QLDHB","Male",22,"No","No",9,2,"Fiber optic",0,2,0,"Occasional",1,76.25,"No",0
"6365-MTGZX","Male",49,"No","No",24,1,"DSL",0,3,3,"Occasional",1,96,"Yes",0
"5832-TRLPB","Male",59,"No","No",29,1,"DSL",0,3,3,"Occasional",12,75.35,"No",0
"4567-AKPIA","Female",54,"Yes","Yes",41,1,"No",2,3,3,"Occasional",12,109.1,"No",0
"6261-RCVNS","Female",59,"No","No",42,1,"DSL",3,3,2,"Occasional",12,73.9,"Yes",0
"1724-BQUHA","Male",73,"No","No",5,1,"No",0,2,3,"Frequent",1,89.5,"Yes",0
"9795-NREXC","Female",50,"Yes","No",64,2,"DSL",1,3,3,"Occasional",24,85,"No",0
"9221-OTIVJ","Female",72,"No","No",14,2,"No",2,2,3,"Frequent",1,104.85,"Yes",0
"0824-VWDPO","Female",20,"No","No",45,2,"Fiber optic",3,2,2,"Occasional",12,96.75,"No",0
"6172-FECYY","Male",30,"Yes","Yes",49,2,"Fiber optic",0,2,1,"Frequent",1,84.5,"Yes",0
"1955-IBMMB","Male",49,"No","No",59,1,"No",0,1,0,"Occasional",24,20.2,"No",0
"6729-GDNGC","Female",76,"No","No",20,1,"5G",0,2,1,"Occasional",1,80.7,"No",0
"6177-PEVRA","Female",34,"No","No",48,1,"5G",3,2,0,"Occasional",24,55.5,"No",0
"1353-GHZOS","Male",54,"Yes","No",22,1,"DSL",1,2,1,"Occasional",12,59.75,"No",0
"3750-CKVKH","Male",28,"No","No",2,1,"Fiber optic",0,2,0,"Frequent",1,67.75,"Yes",0
"7821-DPRQE","Male",58,"Yes","No",68,2,"Fiber optic",3,3,3,"Occasional",1,107.7,"No",0
"2599-CIPQE","Male",46,"Yes","Yes",71,1,"Fiber optic",3,3,3,"Occasional",24,109.3,"No",0
"8069-YQQAJ","Male",44,"No","No",14,0,"DSL",2,2,0,"Occasional",1,31.1,"No",0
"2234-XADUH","Female",49,"Yes","Yes",72,2,"Fiber optic",2,2,3,"Occasional",12,103.2,"No",0
"2530-FMFXO","Male",53,"Yes","Yes",56,2,"5G",0,3,3,"Occasional",24,103.2,"No",0
"6986-IXNDM","Male",42,"No","No",14,1,"Fiber optic",0,2,3,"Occasional",1,92.9,"No",0
"0292-WEGCH","Female",31,"Yes","Yes",54,2,"DSL",2,3,3,"Occasional",1,86.2,"No",0
"6738-ISCBM","Male",48,"No","No",44,0,"DSL",1,2,3,"Occasional",12,54,"No",0
"5546-BYZSM","Female",19,"No","No",41,1,"No",0,1,0,"Occasional",1,20.45,"No",0
"8008-ESFLK","Female",36,"Yes","No",53,1,"Fiber optic",3,3,3,"Occasional",12,110.5,"No",0
"8922-NPKBJ","Male",22,"Yes","Yes",42,2,"No",0,1,0,"Occasional",24,19.35,"No",0
"6244-BESBM","Male",50,"Yes","Yes",69,1,"5G",0,3,3,"Occasional",24,95.2,"No",0
"3082-YVEKW","Female",53,"Yes","Yes",23,2,"DSL",1,3,1,"Occasional",24,77.15,"No",0
"9513-DXHDA","Male",19,"No","No",27,1,"No",1,3,3,"Occasional",12,81.7,"No",0
"4139-JPIAM","Male",43,"No","No",51,1,"No",1,3,2,"Occasional",1,44.45,"No",0
"9050-QLROH","Male",44,"No","No",18,2,"Fiber optic",0,2,2,"Frequent",1,90.7,"Yes",0
"7274-CGTOD","Male",22,"No","No",62,1,"No",3,3,0,"Occasional",24,43.7,"No",0
"0201-OAMXR","Female",62,"No","No",70,2,"5G",3,3,3,"Occasional",12,115.55,"Yes",0
"9589-ABEPT","Male",19,"Yes","No",69,2,"Fiber optic",2,3,1,"Occasional",24,92.45,"No",0
"2982-IHMFT","Female",67,"No","No",1,2,"Fiber optic",0,2,0,"Frequent",1,74.45,"Yes",0
"1866-OBPNR","Male",36,"No","No",1,1,"5G",2,2,0,"Occasional",1,74.6,"No",0
"1222-KJNZD","Male",41,"No","No",40,1,"5G",0,1,0,"Occasional",1,20.4,"No",0
"1763-KUAAW","Female",20,"No","No",18,1,"No",0,1,0,"Occasional",12,20.35,"No",0
"6869-FGJJC","Male",36,"No","No",68,2,"No",2,2,0,"Occasional",12,79.6,"No",0
"6408-OTUBZ","Female",53,"No","No",66,2,"Fiber optic",3,3,1,"Occasional",12,104.55,"No",0
"1552-AAGRX","Female",52,"No","No",30,2,"5G",1,3,3,"Occasional",1,106.4,"No",0
"1170-SASML","Female",36,"Yes","No",69,2,"5G",2,2,0,"Occasional",1,85.4,"No",0
"0348-SDKOL","Female",47,"Yes","No",58,2,"5G",0,3,3,"Occasional",1,102.1,"Yes",0
"9927-DSWDF","Male",46,"Yes","No",22,1,"Fiber optic",3,3,3,"Occasional",1,104.6,"No",0
"7410-KTVFV","Male",28,"Yes","No",18,1,"No",0,2,0,"Frequent",1,49.55,"Yes",0
"2433-KMEAS","Male",36,"No","No",22,1,"No",1,2,0,"Frequent",1,54.45,"Yes",0
"3748-FVMZZ","Male",54,"No","No",4,0,"5G",0,3,2,"Occasional",1,40.05,"No",0
"8910-ICHIU","Female",29,"No","No",46,1,"Fiber optic",3,2,1,"Occasional",12,95.65,"No",0
"4833-QTJNO","Male",78,"Yes","No",67,2,"Fiber optic",3,2,0,"Occasional",1,83.85,"No",0
"2690-DVRVK","Male",20,"Yes","Yes",5,1,"No",0,1,0,"Occasional",12,20.55,"No",0
"5499-ECUTN","Female",50,"Yes","No",47,1,"5G",1,2,1,"Occasional",12,66.05,"No",0
"5832-EXGTT","Male",30,"Yes","Yes",29,1,"DSL",1,2,2,"Occasional",1,60.2,"No",0
"6615-ZGEDR","Male",19,"No","No",1,1,"No",0,1,0,"Occasional",1,19.7,"Yes",0
"0812-WUPTB","Male",83,"Yes","No",1,1,"Fiber optic",0,2,0,"Frequent",1,70.85,"Yes",0
"3161-GETRM","Male",39,"Yes","Yes",34,2,"Fiber optic",0,2,2,"Occasional",1,90.05,"No",0
"4713-LZDRV","Female",90,"No","No",2,1,"Fiber optic",0,2,2,"Frequent",1,79.6,"Yes",0
"6319-QSUSR","Female",59,"No","No",11,1,"No",0,1,0,"Occasional",1,19.7,"No",0
"1834-ABKHQ","Female",39,"Yes","Yes",52,1,"DSL",0,2,0,"Occasional",12,50.95,"No",0
"3285-UCQVC","Female",21,"No","No",37,0,"DSL",0,3,0,"Occasional",1,28.6,"Yes",0
"7596-IIWYC","Female",21,"No","No",27,1,"5G",0,1,0,"Occasional",24,20.25,"No",0
"3214-IYUUQ","Female",60,"Yes","No",61,1,"Fiber optic",3,3,2,"Occasional",12,93.7,"No",0
"1171-TYKUR","Male",21,"Yes","No",47,2,"5G",0,1,0,"Occasional",1,25.4,"No",0
"8857-CUPFQ","Male",43,"No","No",63,1,"No",0,1,0,"Occasional",24,19.25,"No",0
"7797-EJMDP","Female",32,"No","No",8,1,"DSL",1,3,2,"Occasional",1,66.05,"No",0
"5207-PLSTK","Male",60,"Yes","Yes",1,1,"5G",1,2,0,"Occasional",1,48.75,"No",0
"2867-UIMSS","Male",54,"No","No",1,1,"Fiber optic",0,2,2,"Frequent",1,80.5,"Yes",0
"1596-BBVTG","Male",40,"No","No",35,1,"No",0,2,0,"Frequent",1,75.35,"Yes",0
"9881-VCZEP","Female",40,"Yes","No",25,2,"DSL",2,2,0,"Occasional",1,54.1,"No",0
"8395-ETZKQ","Male",89,"Yes","Yes",68,1,"No",0,1,0,"Occasional",12,19.5,"No",0
"6650-VJONK","Male",47,"No","No",1,1,"5G",0,2,0,"Occasional",1,43.85,"No",0
"6075-QMNRR","Female",26,"No","No",52,1,"DSL",1,2,0,"Occasional",1,49.75,"No",0
"9500-IWPXQ","Female",63,"Yes","Yes",61,1,"No",3,3,2,"Occasional",12,79.4,"No",0
"7061-OVMIM","Female",19,"Yes","Yes",30,1,"5G",0,1,0,"Occasional",12,19.55,"No",0
"4283-FUTGF","Male",85,"No","No",19,1,"No",0,2,0,"Frequent",1,79.85,"Yes",0
"8679-JOEVF","Female",88,"No","No",16,1,"No",0,3,1,"Occasional",1,59.4,"Yes",0
"9878-TNQGW","Male",35,"No","No",2,1,"5G",0,2,2,"Occasional",1,80.95,"Yes",0
"8749-JMNKX","Male",90,"Yes","No",51,1,"No",1,2,1,"Frequent",1,93.8,"Yes",0
"8708-XPXHZ","Female",54,"Yes","Yes",42,2,"Fiber optic",0,2,3,"Frequent",1,94.2,"Yes",0
"1223-UNPKS","Male",21,"Yes","Yes",20,1,"No",0,1,0,"Occasional",24,20.05,"No",0
"6698-OXETB","Male",48,"No","No",11,1,"No",0,1,0,"Occasional",24,20.4,"No",0
"5236-XMZJY","Female",35,"No","No",42,1,"DSL",3,2,0,"Occasional",1,59.65,"No",0
"2452-SNHFZ","Female",54,"No","No",47,1,"DSL",1,2,0,"Occasional",1,75.45,"No",0
"2511-ALLCS","Female",65,"No","No",35,2,"No",0,1,0,"Occasional",24,24.3,"No",0
"0014-BMAQU","Male",55,"Yes","No",63,1,"No",1,3,0,"Occasional",24,84.65,"No",0
"8050-XGRVL","Female",31,"Yes","Yes",62,1,"DSL",1,2,0,"Occasional",12,54.75,"No",0
"6061-GWWAV","Male",42,"No","Yes",41,1,"No",3,2,1,"Occasional",12,70.2,"No",0
"7203-OYKCT","Male",59,"No","No",72,2,"Fiber optic",2,2,3,"Occasional",12,104.95,"No",0
"2955-BJZHG","Male",57,"Yes","Yes",17,1,"5G",0,2,1,"Frequent",1,80.85,"Yes",0
"6308-CQRBU","Female",48,"Yes","No",71,2,"Fiber optic",2,3,3,"Occasional",24,109.25,"No",0
"7396-VJUZB","Male",61,"Yes","Yes",4,1,"DSL",0,2,0,"Occasional",1,45.25,"No",0
"1013-QCWAM","Female",68,"Yes","No",66,2,"5G",2,2,3,"Occasional",1,100.8,"No",0
"7929-SKFGK","Male",52,"Yes","No",70,2,"Fiber optic",3,3,3,"Occasional",24,114.3,"No",0
"5815-HGGHV","Male",46,"Yes","No",20,1,"No",1,3,2,"Occasional",12,64.15,"No",0
"8413-VONUO","Male",53,"No","No",2,1,"Fiber optic",2,2,3,"Frequent",1,95.65,"Yes",0
"9667-EQRXU","Female",73,"No","No",30,0,"DSL",0,2,1,"Frequent",1,40.3,"Yes",0
"1930-WNXSB","Male",28,"Yes","Yes",58,1,"Fiber optic",2,2,3,"Occasional",1,92.85,"No",0
"1506-YJTYT","Male",20,"Yes","Yes",45,2,"DSL",3,3,1,"Occasional",24,73.85,"No",0
"6992-TKNYO","Male",46,"Yes","No",38,2,"DSL",0,3,2,"Occasional",12,69,"No",0
"3407-JMJQQ","Female",34,"Yes","Yes",71,2,"Fiber optic",3,2,3,"Occasional",24,109,"No",0
"8785-EPNCG","Male",36,"No","No",11,2,"No",0,1,0,"Occasional",1,23.15,"Yes",0
"5075-JSDKI","Female",22,"No","No",59,2,"No",0,1,0,"Occasional",24,24.45,"No",0
"6817-WTYHE","Male",42,"No","No",2,1,"DSL",0,2,0,"Occasional",1,44.9,"No",0
"8495-LJDFO","Female",86,"No","No",64,2,"DSL",1,3,3,"Occasional",1,108.95,"No",0
"4806-KEXQR","Male",37,"No","No",4,1,"Fiber optic",0,2,2,"Frequent",1,79.9,"Yes",0
"7636-OWBPG","Male",72,"No","No",12,1,"No",2,2,0,"Occasional",1,29.35,"No",0
"1391-UBDAR","Male",30,"No","No",11,1,"5G",0,2,0,"Occasional",1,72.9,"No",0
"9135-MGVPY","Male",29,"Yes","No",69,1,"No",3,3,3,"Occasional",24,84.7,"No",0
"9667-TKTVZ","Female",40,"No","No",2,2,"DSL",0,3,0,"Occasional",1,54.35,"No",0
"8761-NSOBC","Male",42,"No","No",44,1,"Fiber optic",2,3,3,"Occasional",1,100.55,"Yes",0
"5055-BRMNE","Female",24,"Yes","Yes",67,2,"Fiber optic",1,3,3,"Occasional",24,106.7,"No",0
"7707-PYBBH","Male",48,"No","No",40,1,"5G",3,3,0,"Occasional",1,61.9,"No",0
"7566-DSRLQ","Female",36,"Yes","No",72,2,"Fiber optic",2,3,3,"Occasional",24,110.15,"No",0
"0621-TWIEM","Male",47,"No","No",10,1,"5G",0,2,0,"Frequent",1,45.55,"Yes",0
"4432-ADRLB","Male",29,"No","No",2,1,"DSL",0,2,0,"Frequent",1,44.65,"Yes",0
"6212-ATMLK","Female",55,"No","No",50,2,"Fiber optic",0,2,3,"Occasional",1,95.7,"No",0
"4872-JCVCA","Female",58,"Yes","No",71,0,"5G",3,3,0,"Occasional",24,47.6,"No",0
"7445-WMRBW","Female",22,"No","No",48,2,"DSL",2,3,1,"Occasional",12,73.85,"No",0
"3585-YNADK","Female",62,"Yes","No",57,2,"DSL",2,3,1,"Occasional",12,74.6,"No",0
"5811-IWXYM","Female",53,"Yes","Yes",52,2,"Fiber optic",0,2,3,"Occasional",12,101.25,"No",0
"8393-DLHGA","Male",60,"No","Yes",25,1,"No",2,2,3,"Frequent",1,95.9,"Yes",0
"1084-MNSMJ","Female",36,"Yes","Yes",51,1,"5G",3,3,3,"Occasional",24,85.5,"No",0
"3692-JHONH","Female",76,"Yes","No",52,2,"Fiber optic",2,2,3,"Occasional",12,106.5,"No",0
"2737-YNGYW","Female",33,"No","No",2,1,"5G",0,2,2,"Frequent",1,80.55,"Yes",0
"4816-JBHOV","Male",84,"No","No",2,1,"DSL",0,2,0,"Frequent",1,44.7,"Yes",0
"3106-ULWFW","Female",34,"Yes","No",8,2,"DSL",0,2,2,"Frequent",1,85.2,"Yes",0
"3870-MQAMG","Female",41,"Yes","No",54,2,"5G",2,3,3,"Occasional",12,110.35,"Yes",0
"9027-TMATR","Female",21,"Yes","No",43,1,"DSL",1,3,3,"Occasional",24,78.8,"No",0
"2509-TFPJU","Male",37,"No","No",72,2,"No",0,1,0,"Occasional",24,25.75,"No",0
"9405-GPBBG","Female",43,"No","No",64,1,"No",2,3,3,"Occasional",24,110.5,"No",0
"9624-EGDEQ","Female",20,"No","No",37,1,"No",0,1,0,"Occasional",24,19.8,"No",0
"2987-BJXIK","Female",36,"No","No",70,2,"DSL",3,2,3,"Occasional",24,84.7,"No",0
"3795-CAWEX","Male",58,"Yes","Yes",70,2,"Fiber optic",3,3,3,"Occasional",24,116.55,"No",0
"9122-UMROB","Male",22,"No","No",1,1,"DSL",0,1,0,"Occasional",1,20.3,"No",0
"5606-AMZBO","Female",48,"Yes","No",10,2,"Fiber optic",1,2,0,"Occasional",1,78.15,"No",0
"0685-MLYYM","Female",78,"No","No",2,1,"Fiber optic",0,2,0,"Frequent",1,70.75,"Yes",0
"0917-EZOLA","Male",80,"Yes","No",72,1,"No",2,2,3,"Frequent",24,104.15,"Yes",0
"8249-THVEC","Male",63,"No","No",51,1,"No",0,1,0,"Occasional",12,19.4,"No",0
"9361-YNQWJ","Female",19,"No","No",64,2,"5G",0,1,0,"Occasional",12,24.4,"No",0
"7912-SYRQT","Female",63,"No","No",7,2,"Fiber optic",0,2,0,"Frequent",1,75.1,"Yes",0
"3422-LYEPQ","Male",25,"Yes","Yes",1,1,"Fiber optic",0,2,0,"Frequent",1,71,"Yes",0
"4821-WQOYN","Female",56,"No","No",72,1,"5G",0,1,0,"Occasional",24,20.1,"No",0
"9314-QDMDW","Male",32,"No","No",11,1,"5G",2,2,1,"Occasional",12,61.25,"No",0
"9534-NSXEM","Male",61,"No","No",26,1,"No",0,1,0,"Occasional",12,20.65,"No",0
"7136-IHZJA","Female",62,"Yes","Yes",40,1,"DSL",3,3,2,"Occasional",1,71.35,"No",0
"1784-EZDKJ","Male",22,"Yes","No",51,2,"5G",2,2,3,"Occasional",12,106.8,"No",0
"1845-CSBRZ","Female",66,"Yes","Yes",22,2,"5G",0,2,1,"Occasional",1,85.35,"No",0
"7128-GGCNO","Male",58,"No","No",46,2,"Fiber optic",0,2,0,"Occasional",1,72.8,"No",0
"2636-OHFMN","Male",41,"Yes","No",4,1,"No",2,2,3,"Frequent",1,48.55,"Yes",0
"1073-XXCZD","Male",41,"No","No",55,2,"No",0,1,0,"Occasional",24,25.7,"No",0
"5656-MJEFC","Male",56,"Yes","Yes",42,0,"5G",1,3,1,"Occasional",24,48.15,"No",0
"0620-DLSLK","Female",62,"No","No",13,1,"Fiber optic",0,2,1,"Occasional",1,81.9,"No",0
"5692-ICXLW","Male",72,"No","No",31,2,"5G",2,2,1,"Occasional",1,90.7,"No",0
"1548-ARAGG","Female",62,"Yes","Yes",4,2,"DSL",2,3,0,"Occasional",1,58.5,"No",0
"6743-HHQPF","Male",20,"Yes","No",42,0,"DSL",0,2,0,"Occasional",1,25.1,"No",0
"9860-LISIZ","Female",45,"No","No",34,1,"No",0,1,0,"Occasional",1,20.35,"No",0
"7395-XWZOY","Male",38,"No","No",20,0,"DSL",3,3,1,"Occasional",1,55,"No",0
"8816-VXNZD","Female",64,"No","No",1,2,"Fiber optic",0,2,0,"Frequent",1,75.1,"Yes",0
"9921-QFQUL","Female",33,"Yes","No",23,2,"Fiber optic",0,2,2,"Occasional",1,90.15,"No",0
"7524-VRLPL","Male",85,"No","No",69,2,"DSL",1,3,2,"Occasional",24,74.1,"No",0
"8597-CTXVJ","Male",59,"No","Yes",70,2,"DSL",3,3,0,"Occasional",12,64.95,"No",0
"7660-HDPJV","Female",59,"No","No",1,1,"Fiber optic",0,2,0,"Frequent",1,69.2,"Yes",0
"9710-ZUSHQ","Female",69,"No","No",37,1,"No",3,2,3,"Frequent",1,106.75,"Yes",0
"8161-QYMTT","Male",27,"No","No",7,2,"Fiber optic",0,2,3,"Occasional",1,94.1,"No",0
"6203-HBZPA","Male",55,"No","No",52,1,"No",3,3,3,"Occasional",24,63.9,"No",0
"1587-FKLZB","Male",75,"Yes","Yes",66,2,"5G",0,2,3,"Frequent",1,99.5,"Yes",0
"2516-XSJKX","Female",57,"Yes","Yes",41,1,"DSL",3,3,3,"Occasional",24,78.45,"No",0
"2400-XIWIO","Female",49,"Yes","No",71,2,"DSL",3,3,3,"Occasional",24,90.1,"No",0
"7463-IFMQU","Female",59,"No","No",72,1,"No",0,1,0,"Occasional",24,20.05,"No",0
"9289-LBQVU","Male",38,"Yes","No",64,2,"DSL",2,3,2,"Occasional",12,70.15,"No",0
"6147-CBCRA","Female",22,"Yes","No",33,1,"No",0,1,0,"Occasional",1,20.05,"No",0
"5751-USDBL","Male",21,"Yes","Yes",46,1,"No",1,3,3,"Occasional",24,81,"No",0
"4587-NUKOX","Female",30,"No","No",3,1,"DSL",3,2,0,"Frequent",1,79.1,"Yes",0
"3721-WKIIL","Female",52,"No","No",27,1,"DSL",0,1,0,"Occasional",24,19.6,"No",0
"5656-JAMLX","Male",43,"No","No",62,1,"No",0,1,0,"Occasional",24,19.85,"No",0
"4353-HYOJD","Female",33,"Yes","Yes",27,1,"DSL",2,2,0,"Occasional",1,49.85,"No",0
"2252-ISRNH","Male",60,"Yes","Yes",9,2,"Fiber optic",0,2,1,"Occasional",12,90.35,"No",0
"2889-FPWRM","Male",36,"Yes","No",72,2,"Fiber optic",3,3,3,"Occasional",12,117.8,"Yes",0
"5906-BFOZT","Male",21,"No","No",1,1,"No",0,1,0,"Occasional",1,19.5,"No",0
"7493-TPUWZ","Male",58,"No","No",1,2,"Fiber optic",2,2,0,"Frequent",1,79.15,"Yes",0
"2740-JFBOK","Male",19,"No","No",10,2,"No",0,1,0,"Occasional",1,24,"No",0
"4987-GQWPO","Male",57,"No","No",17,0,"DSL",0,2,0,"Occasional",1,25.1,"No",0
"9314-IJWSQ","Female",35,"Yes","Yes",14,2,"5G",0,2,1,"Occasional",1,84.8,"No",0
"6060-DRTNL","Female",90,"No","No",5,1,"Fiber optic",0,2,1,"Occasional",1,84.85,"Yes",0
"6746-WAUWT","Male",22,"No","No",19,1,"No",0,1,0,"Occasional",12,19.7,"No",0
"3932-IJWDZ","Male",54,"No","No",45,2,"Fiber optic",0,3,3,"Occasional",1,103.65,"No",0
"1173-XZPYF","Female",19,"No","No",11,2,"Fiber optic",0,2,1,"Occasional",1,89.2,"No",0
"2773-OVBPK","Male",38,"Yes","No",67,2,"Fiber optic",2,3,3,"Occasional",24,111.3,"No",0
"4957-TIALW","Female",43,"No","Yes",15,1,"5G",3,3,0,"Occasional",12,65.6,"No",0
"2796-UUZZO","Male",62,"Yes","Yes",63,1,"5G",2,2,0,"Occasional",1,80.3,"No",0
"6994-FGRHH","Male",45,"Yes","Yes",70,1,"Fiber optic",2,3,3,"Occasional",12,106.15,"No",0
"3786-WOVKF","Female",73,"Yes","No",72,2,"Fiber optic",3,2,3,"Occasional",12,106.85,"No",0
"1731-TVIUK","Female",32,"No","No",4,2,"Fiber optic",2,3,2,"Occasional",1,93.5,"Yes",0
"8676-OOQEJ","Male",42,"No","No",4,0,"DSL",0,3,0,"Occasional",1,30.5,"No",0
"9068-FHQHD","Female",20,"Yes","Yes",40,1,"No",0,1,0,"Occasional",24,20.15,"No",0
"7826-VVKWT","Female",74,"Yes","Yes",24,1,"Fiber optic",0,2,3,"Occasional",24,96.55,"No",0
"6543-JXSOO","Female",36,"Yes","Yes",23,1,"5G",3,3,0,"Occasional",12,57.75,"No",0
"7394-LWLYN","Female",31,"No","No",2,1,"Fiber optic",0,2,0,"Occasional",1,70.15,"No",0
"8931-GJJIQ","Female",20,"No","No",9,1,"DSL",0,2,2,"Frequent",1,83.3,"Yes",0
"3190-XFANI","Male",53,"No","Yes",49,2,"Fiber optic",0,3,3,"Occasional",12,100.6,"Yes",0
"5150-ITWWB","Male",65,"No","No",3,1,"DSL",0,2,3,"Occasional",1,94.85,"No",0
"1395-OFUWC","Male",20,"Yes","Yes",43,0,"DSL",2,2,0,"Occasional",1,29.3,"No",0
"0980-PVMRC","Female",49,"Yes","Yes",40,0,"DSL",2,2,3,"Occasional",1,50.85,"No",0
"7789-CRUVC","Female",65,"Yes","No",61,2,"Fiber optic",3,3,0,"Occasional",1,94.2,"No",0
"0580-PIQHM","Female",58,"Yes","Yes",41,2,"Fiber optic",3,2,2,"Occasional",12,101.6,"No",0
"4910-GMJOT","Female",52,"No","No",1,1,"No",0,2,3,"Frequent",1,94.6,"Yes",0
"8859-YSTWS","Male",62,"No","No",48,1,"No",0,1,0,"Occasional",12,19.95,"No",0
"3920-HIHMQ","Female",23,"No","Yes",26,2,"DSL",0,2,0,"Occasional",1,49.5,"No",0
"3125-RAHBV","Male",20,"No","No",22,1,"No",0,1,0,"Occasional",12,20.3,"No",0
"5935-FCCNB","Female",89,"No","No",17,2,"5G",0,2,3,"Occasional",1,94.2,"No",0
"4293-ETKAP","Female",39,"Yes","Yes",65,1,"DSL",2,3,3,"Occasional",24,79.4,"No",0
"3902-MIVLE","Male",51,"Yes","Yes",63,2,"5G",1,3,2,"Occasional",24,75.7,"No",0
"9172-JITSM","Female",26,"Yes","Yes",26,1,"5G",0,2,3,"Frequent",1,90.8,"Yes",0
"9152-AMKAK","Male",45,"No","No",6,1,"DSL",1,3,3,"Occasional",24,80.25,"No",0
"9391-DXGGG","Female",90,"No","No",44,1,"No",2,2,2,"Occasional",12,89.15,"No",0
"9518-XXBXE","Male",67,"Yes","No",10,1,"Fiber optic",1,2,0,"Occasional",1,75.3,"No",0
"2384-OVPSA","Female",74,"No","No",38,1,"No",0,1,0,"Occasional",24,20.2,"No",0
"4118-CEVPF","Female",90,"No","No",35,2,"Fiber optic",3,3,3,"Occasional",12,110.8,"No",0
"5537-UXXVS","Female",48,"No","No",20,1,"No",0,1,0,"Occasional",1,19.25,"No",0
"7607-QKKTJ","Male",36,"Yes","Yes",45,2,"5G",2,2,2,"Occasional",12,95,"No",0
"3186-AJIEK","Male",49,"No","No",66,1,"Fiber optic",1,3,3,"Occasional",24,105.65,"No",0
"8619-IJNDK","Female",39,"Yes","Yes",71,1,"DSL",3,3,0,"Occasional",24,64.05,"No",0
"7351-KYHQH","Female",77,"No","No",7,1,"DSL",2,2,1,"Occasional",1,64.95,"No",0
"3284-SVCRO","Female",20,"Yes","No",45,2,"No",0,1,0,"Occasional",24,25.5,"No",0
"7008-LZVOZ","Male",22,"Yes","Yes",66,2,"No",0,1,0,"Occasional",24,25.3,"No",0
"0266-GMEAO","Male",38,"Yes","Yes",72,2,"Fiber optic",3,3,3,"Occasional",24,114.3,"No",0
"4143-OOBWZ","Male",51,"Yes","No",5,2,"Fiber optic",2,2,0,"Frequent",1,81.3,"Yes",0
"4024-CSNBY","Female",33,"Yes","No",72,2,"Fiber optic",3,3,0,"Occasional",24,94.25,"No",0
"5555-RNPGT","Male",58,"No","No",10,2,"5G",0,1,0,"Occasional",1,24.8,"No",0
"8620-RJPZN","Female",54,"No","No",1,1,"No",0,1,0,"Occasional",1,20.7,"No",0
"1919-RTPQD","Male",61,"Yes","Yes",7,1,"DSL",0,2,0,"Occasional",1,44.75,"No",0
"9385-NXKDA","Female",54,"Yes","No",72,2,"DSL",3,2,3,"Occasional",24,82.65,"No",0
"1221-GHZEP","Female",47,"No","No",62,1,"DSL",1,3,2,"Occasional",24,65.1,"No",0
"5966-EMAZU","Male",24,"Yes","No",64,2,"Fiber optic",1,3,3,"Occasional",12,108.5,"No",0
"9481-IEBZY","Male",67,"Yes","No",72,2,"Fiber optic",3,3,3,"Occasional",1,112.9,"No",0
"0396-UKGAI","Male",60,"No","Yes",23,1,"DSL",2,3,0,"Occasional",1,55.3,"No",0
"7722-CVFXN","Male",46,"Yes","Yes",54,2,"DSL",2,3,3,"Occasional",12,105.2,"No",0
"1866-DIOQZ","Female",41,"Yes","No",71,0,"DSL",3,3,3,"Occasional",12,66.8,"No",0
"9220-CXRSC","Female",23,"Yes","Yes",69,2,"DSL",1,3,0,"Occasional",24,61.4,"No",0
"0674-GCDXG","Male",39,"No","No",63,2,"DSL",1,3,2,"Occasional",24,71.9,"No",0
"1022-RKXDR","Female",20,"No","No",41,2,"5G",0,1,0,"Occasional",12,24.85,"No",0
"2479-BRAMR","Male",67,"Yes","No",41,2,"Fiber optic",1,2,0,"Frequent",1,83.75,"Yes",0
"7569-NMZYQ","Female",23,"Yes","Yes",72,2,"Fiber optic",3,3,3,"Occasional",24,118.75,"No",0
"7868-TMWMZ","Female",65,"Yes","No",60,1,"5G",3,3,3,"Occasional",24,110,"No",0
"9509-MPYOD","Female",21,"No","No",35,1,"No",0,1,0,"Occasional",12,20.75,"No",0
"4342-HFXWS","Female",20,"Yes","Yes",48,1,"DSL",1,3,1,"Occasional",12,69.7,"No",0
"3597-YASZG","Female",72,"Yes","No",70,2,"5G",2,3,3,"Occasional",24,104.45,"No",0
"2126-GSEGL","Female",21,"Yes","No",70,2,"DSL",2,3,3,"Occasional",24,84.8,"No",0
"9851-QXEEQ","Male",61,"No","No",41,2,"5G",2,2,3,"Frequent",1,104.7,"Yes",0
"4086-YQSNZ","Female",77,"Yes","No",3,1,"5G",0,2,1,"Frequent",1,80.4,"Yes",0
"1459-QNFQT","Male",59,"Yes","Yes",70,0,"5G",1,3,3,"Occasional",24,59.5,"No",0
"1257-SXUXQ","Male",62,"No","No",5,1,"5G",0,1,0,"Occasional",1,19.45,"No",0
"2748-MYRVK","Female",48,"No","No",63,2,"Fiber optic",2,2,3,"Frequent",12,99.9,"Yes",0
"0277-BKSQP","Male",60,"Yes","Yes",8,1,"DSL",0,2,1,"Occasional",1,54.4,"No",0
"1755-FZQEC","Male",42,"No","No",39,1,"No",0,1,0,"Occasional",12,19.9,"No",0
"5986-WWXDV","Male",45,"No","No",39,1,"5G",0,1,0,"Occasional",12,19.35,"No",0
"6797-LNAQX","Male",61,"Yes","Yes",70,2,"Fiber optic",2,2,3,"Occasional",24,98.3,"Yes",0
"2458-EOMRE","Female",20,"No","No",11,1,"DSL",1,2,2,"Occasional",1,64.05,"No",0
"7781-EWARA","Male",36,"Yes","Yes",70,0,"DSL",2,3,3,"Occasional",12,60.35,"No",0
"7511-YMXVQ","Male",43,"No","No",9,0,"5G",0,2,3,"Frequent",1,45.4,"Yes",0
"8118-LSUEL","Male",88,"No","No",23,1,"No",2,2,3,"Frequent",1,106.4,"Yes",0
"6166-YIPFO","Male",55,"Yes","No",72,0,"DSL",3,3,3,"Occasional",24,64.7,"No",0
"3191-CSNMG","Female",19,"Yes","Yes",3,1,"Fiber optic",0,2,1,"Occasional",1,80.7,"No",0
"7079-QRCBC","Female",44,"No","No",24,2,"5G",0,2,3,"Frequent",1,98.75,"Yes",0
"5043-TRZWM","Female",60,"No","No",1,1,"No",0,2,0,"Occasional",1,75.55,"No",0
"5177-RVZNU","Female",21,"No","Yes",37,1,"No",0,1,0,"Occasional",12,20.3,"No",0
"2081-VEYEH","Male",53,"No","No",3,1,"5G",2,3,3,"Occasional",1,107.95,"No",0
"6176-YJWAS","Male",47,"Yes","No",72,1,"No",3,2,1,"Occasional",24,97.95,"No",0
"1614-JBEBI","Female",21,"No","No",8,2,"No",0,1,0,"Occasional",1,20.7,"No",0
"8465-SBRXP","Male",37,"Yes","Yes",38,2,"Fiber optic",0,3,1,"Occasional",24,94.9,"No",0
"8879-ZKJOF","Female",64,"No","No",41,1,"No",1,3,3,"Occasional",12,79.85,"No",0
"7409-KIUTL","Female",78,"No","Yes",1,1,"No",0,2,0,"Frequent",1,71,"Yes",0
"3192-LNKRK","Male",35,"Yes","Yes",34,1,"Fiber optic",0,2,1,"Occasional",1,84.05,"No",0
"4566-NECEV","Male",42,"No","No",5,2,"Fiber optic",2,2,2,"Occasional",1,96.55,"No",0
"0939-EREMR","Female",63,"No","Yes",13,1,"DSL",0,3,0,"Occasional",1,53.45,"No",0
"2144-ESWKO","Male",38,"No","No",43,0,"DSL",1,2,0,"Occasional",12,35.2,"No",0
"2446-ZKVAF","Male",44,"Yes","No",18,2,"5G",2,2,0,"Occasional",1,56.8,"No",0
"9283-LZQOH","Male",62,"Yes","Yes",13,2,"5G",0,2,0,"Frequent",1,74.4,"Yes",0
"9742-XOKTS","Male",31,"Yes","Yes",67,2,"5G",3,3,0,"Occasional",12,89.55,"No",0
"8988-ECPJR","Female",80,"Yes","Yes",34,2,"Fiber optic",2,2,0,"Frequent",1,79.6,"Yes",0
"5158-RIVOP","Female",21,"Yes","Yes",11,1,"5G",0,1,0,"Occasional",24,20.9,"No",0
"0885-HMGPY","Male",27,"No","No",62,2,"DSL",3,3,0,"Occasional",24,69.4,"No",0
"2105-PHWON","Female",25,"Yes","No",33,2,"Fiber optic",0,3,2,"Occasional",1,95,"No",0
"9845-PEEKO","Female",89,"No","No",59,2,"5G",2,2,0,"Occasional",24,79.2,"No",0
"4452-ROHMO","Female",35,"No","No",15,1,"DSL",0,1,0,"Occasional",24,19.6,"No",0
"8676-TRMJS","Male",24,"No","No",3,2,"Fiber optic",0,2,0,"Frequent",1,75,"Yes",0
"6509-TSGWN","Female",20,"Yes","Yes",37,2,"No",0,1,0,"Occasional",1,26.45,"No",0
"2150-WLKUW","Female",22,"Yes","No",40,2,"DSL",2,2,1,"Occasional",12,63.9,"No",0
"2480-SQIOB","Male",52,"Yes","Yes",4,1,"DSL",0,2,0,"Occasional",1,44.8,"No",0
"0961-ZWLVI","Male",45,"No","Yes",49,2,"Fiber optic",3,2,3,"Occasional",12,109.2,"No",0
"6127-IYJOZ","Male",69,"No","No",1,1,"DSL",0,2,0,"Occasional",1,45.85,"No",0
"8158-WPEZG","Male",57,"No","No",11,0,"DSL",2,3,0,"Occasional",1,35.65,"No",0
"5701-SVCWR","Female",61,"No","No",1,2,"No",0,1,0,"Occasional",1,24,"No",0
"1635-HDGFT","Female",55,"No","No",19,1,"No",0,1,0,"Occasional",24,20.5,"No",0
"9762-YAQAA","Male",52,"No","No",39,2,"Fiber optic",2,2,0,"Occasional",12,81.4,"No",0
"3572-UOLYZ","Female",20,"No","Yes",46,1,"No",0,3,0,"Occasional",1,84.8,"No",0
"8050-WYBND","Female",38,"No","Yes",22,0,"DSL",0,2,3,"Occasional",12,49.45,"No",0
"2988-QRAJY","Male",42,"No","No",69,2,"Fiber optic",3,2,3,"Occasional",24,110.05,"No",0
"9189-JWSHV","Female",69,"Yes","No",24,2,"Fiber optic",0,2,3,"Frequent",1,93.55,"Yes",0
"7854-EDSSA","Male",22,"No","No",22,1,"No",3,2,0,"Frequent",1,59,"Yes",0
"9921-ZVRHG","Female",46,"No","No",14,1,"No",0,2,0,"Frequent",1,80.45,"Yes",0
"3525-DVKFN","Female",58,"No","No",17,1,"No",0,1,0,"Occasional",24,19.4,"No",0
"9958-MEKUC","Male",43,"No","No",72,2,"Fiber optic",3,3,2,"Occasional",24,103.95,"No",0
"8903-WMRNW","Female",20,"Yes","No",15,1,"No",1,2,3,"Occasional",1,101.75,"No",0
"7161-DFHUF","Female",21,"Yes","No",71,2,"No",0,1,0,"Occasional",24,23.85,"No",0
"5440-FLBQG","Male",65,"Yes","No",69,2,"5G",2,3,3,"Occasional",24,108.4,"Yes",0
"2114-MGINA","Female",58,"No","No",14,1,"Fiber optic",0,2,3,"Frequent",1,89.8,"Yes",0
"8949-JTMAY","Female",42,"No","No",29,2,"5G",0,2,3,"Frequent",1,98.6,"Yes",0
"0877-SDMBN","Female",24,"No","No",54,2,"Fiber optic",1,2,3,"Frequent",12,103.95,"Yes",0
"7198-GLXTC","Male",54,"No","No",2,1,"5G",0,2,1,"Frequent",1,79,"Yes",0
"4304-XUMGI","Male",76,"Yes","Yes",50,2,"DSL",3,2,2,"Occasional",24,75.15,"No",0
"5960-WPXQM","Male",29,"No","No",1,1,"Fiber optic",0,2,1,"Occasional",1,79.05,"Yes",0
"2842-JTCCU","Male",36,"No","No",2,1,"DSL",0,2,0,"Frequent",1,46.05,"Yes",0
"0519-XUZJU","Female",56,"No","No",1,1,"Fiber optic",0,2,0,"Frequent",1,70.75,"Yes",0
"1544-JJMYL","Male",21,"No","No",27,1,"DSL",1,3,1,"Occasional",12,69.35,"No",0
"6993-YGFJV","Male",31,"Yes","No",69,2,"5G",3,3,3,"Occasional",24,112.55,"No",0
"5206-XZZQI","Male",30,"No","No",53,1,"Fiber optic",2,3,0,"Occasional",1,80.6,"No",0
"7932-WPTDS","Female",74,"Yes","No",1,0,"DSL",0,2,0,"Frequent",1,24.8,"Yes",0
"3458-IDMFK","Male",22,"No","No",25,1,"No",0,1,0,"Occasional",24,20.75,"No",0
"4415-IJZTP","Female",51,"No","No",1,2,"Fiber optic",0,2,0,"Frequent",1,74.5,"Yes",0
"4531-AUZNK","Female",55,"Yes","Yes",51,1,"DSL",1,3,1,"Occasional",12,95.15,"No",0
"5687-DKDTV","Female",52,"No","No",4,1,"5G",0,1,0,"Occasional",1,20.35,"Yes",0
"1656-DRSMG","Female",30,"No","No",63,2,"5G",2,3,3,"Occasional",1,109.85,"No",0
"8164-OCKUJ","Female",49,"No","No",59,1,"No",0,1,0,"Occasional",24,20.6,"No",0
"0164-XAIRP","Female",63,"No","No",24,1,"No",0,1,0,"Occasional",24,19.55,"No",0
"8198-RKSZG","Female",30,"Yes","Yes",14,1,"No",2,3,3,"Occasional",1,80.45,"No",0
"2967-MXRAV","Male",19,"Yes","Yes",1,1,"5G",0,1,0,"Occasional",12,18.8,"No",0
"9795-SHUHB","Female",64,"Yes","Yes",66,1,"5G",3,3,0,"Occasional",24,58.2,"No",0
"6734-JDTTV","Male",56,"No","No",65,1,"No",0,1,0,"Occasional",24,19.85,"No",0
"7661-CPURM","Male",62,"No","No",19,1,"Fiber optic",0,3,2,"Occasional",12,87.7,"No",0
"5792-JALQC","Female",83,"No","No",52,2,"DSL",1,2,0,"Occasional",24,59.85,"No",0
"4504-YOULA","Female",59,"Yes","Yes",35,1,"No",3,2,0,"Occasional",1,59.45,"No",0
"8593-WHYHV","Male",40,"No","No",3,2,"5G",0,2,2,"Frequent",1,85.3,"Yes",0
"6357-JJPQT","Female",20,"No","No",3,1,"Fiber optic",0,2,1,"Occasional",1,80.5,"No",0
"7000-WCEVQ","Female",86,"No","No",20,2,"DSL",0,2,2,"Frequent",1,61.6,"Yes",0
"0756-MPZRL","Male",21,"No","No",46,0,"DSL",0,3,0,"Occasional",12,33.7,"No",0
"3990-QYKBE","Male",79,"Yes","No",37,2,"Fiber optic",0,2,3,"Frequent",1,92.5,"Yes",0
"6229-UOLQL","Male",30,"Yes","Yes",56,0,"DSL",3,3,1,"Occasional",12,52,"No",0
"9850-OWRHQ","Female",42,"Yes","No",3,2,"Fiber optic",0,2,0,"Frequent",1,74.1,"Yes",0
"8474-UMLNT","Female",39,"No","No",13,1,"DSL",3,3,2,"Occasional",1,67.8,"No",0
"5468-BPMMO","Male",39,"No","No",46,1,"No",0,1,0,"Occasional",1,19.6,"No",0
"5681-LLOEI","Male",35,"Yes","Yes",43,2,"Fiber optic",1,3,0,"Occasional",12,91.25,"No",0
"8064-RAVOH","Male",25,"No","Yes",1,1,"5G",0,2,0,"Occasional",1,49.85,"No",0
"1379-FRVEB","Male",43,"No","Yes",15,2,"DSL",2,2,1,"Occasional",1,91,"No",0
"5404-GGUKR","Male",36,"No","No",5,1,"DSL",2,2,0,"Occasional",1,51.35,"No",0
"5176-LDKUH","Female",56,"No","No",48,1,"Fiber optic",2,2,0,"Occasional",12,75.15,"No",0
"5593-SUAOO","Female",52,"Yes","Yes",24,2,"DSL",2,2,0,"Occasional",12,83.15,"No",0
"9763-PDTKK","Female",47,"No","No",4,1,"5G",1,3,2,"Occasional",1,94.4,"Yes",0
"6445-TNRXS","Male",27,"Yes","Yes",68,2,"5G",3,3,3,"Occasional",24,114.7,"No",0
"4990-ALDGW","Male",64,"No","No",57,1,"No",0,1,0,"Occasional",24,20.75,"No",0
"9732-OUYRN","Female",56,"No","No",49,1,"No",0,1,0,"Occasional",12,19,"No",0
"2815-CPTUL","Male",88,"No","No",5,1,"No",0,2,0,"Frequent",1,70.25,"Yes",0
"6408-WHTEF","Male",29,"Yes","Yes",72,2,"DSL",3,3,3,"Occasional",24,89.4,"No",0
"3396-DKDEL","Female",25,"Yes","Yes",70,2,"Fiber optic",3,3,3,"Occasional",24,115.15,"No",0
"6374-NTQLP","Male",65,"Yes","Yes",72,1,"5G",1,3,3,"Occasional",24,104.1,"No",0
"6173-ITPWD","Male",34,"Yes","No",47,2,"5G",2,2,0,"Frequent",1,83.35,"Yes",0
"4537-CIBHB","Female",43,"No","No",9,1,"No",0,1,0,"Occasional",12,20.25,"No",0
"6645-MXQJT","Male",46,"Yes","Yes",2,1,"No",1,2,3,"Occasional",1,97.1,"No",0
"7318-EIVKO","Male",44,"No","No",8,2,"5G",0,2,1,"Occasional",1,59.25,"No",0
"4282-MSACW","Male",55,"No","No",68,1,"No",3,3,3,"Occasional",12,117.2,"No",0
"1172-VIYBP","Male",19,"Yes","Yes",53,2,"DSL",3,2,2,"Occasional",24,69.7,"No",0
"8258-GSTJK","Male",73,"No","No",3,2,"Fiber optic",0,2,0,"Frequent",1,77,"Yes",0
"0440-UEDAI","Female",54,"No","No",53,1,"Fiber optic",2,3,2,"Occasional",12,94.45,"No",0
"8868-WOZGU","Male",19,"No","No",28,2,"Fiber optic",2,2,3,"Frequent",1,105.7,"Yes",0
"7820-ZYGNY","Male",39,"No","No",63,2,"Fiber optic",2,2,2,"Occasional",12,90.45,"No",0
"3063-QFSZL","Female",58,"No","No",1,1,"DSL",0,2,2,"Frequent",1,55.4,"Yes",0
"0235-KGSLC","Female",32,"No","No",1,1,"5G",0,2,1,"Frequent",1,85.55,"Yes",0
"4544-RXFMG","Male",39,"Yes","Yes",8,1,"DSL",0,2,0,"Occasional",12,43.45,"No",0
"0853-NWIFK","Female",31,"No","No",45,1,"Fiber optic",3,2,3,"Occasional",12,100.3,"No",0
"8374-XGEJJ","Male",72,"Yes","No",43,2,"Fiber optic",2,2,3,"Frequent",1,101,"Yes",0
"9621-OUPYD","Female",20,"Yes","No",25,1,"5G",0,1,0,"Occasional",12,20.2,"No",0
"6765-MBQNU","Female",39,"No","No",26,1,"No",0,1,0,"Occasional",12,26,"No",0
"2434-EEVDB","Female",48,"Yes","No",64,2,"Fiber optic",1,2,1,"Occasional",24,94.6,"No",0
"8259-NFJTV","Female",22,"Yes","Yes",7,0,"5G",1,3,0,"Occasional",1,34.65,"No",0
"8456-QDAVC","Male",60,"No","No",19,1,"Fiber optic",0,2,1,"Occasional",1,78.7,"No",0
"2242-MFOTG","Male",58,"No","No",33,2,"Fiber optic",1,2,0,"Occasional",12,80.1,"No",0
"3074-GQWYX","Male",61,"No","No",5,2,"5G",0,2,0,"Frequent",1,75.9,"Yes",0
"6253-GNHWH","Female",32,"Yes","Yes",71,2,"DSL",3,3,0,"Occasional",24,71.1,"No",0
"2612-RANWT","Female",52,"No","No",12,2,"Fiber optic",0,2,3,"Frequent",1,100.15,"Yes",0
"5176-OLSKT","Female",30,"Yes","No",66,2,"DSL",3,2,0,"Occasional",24,66.9,"No",0
"3057-VJJQE","Male",63,"No","No",35,2,"DSL",1,2,0,"Occasional",24,55.25,"No",0
"0869-PAPRP","Female",72,"Yes","No",26,1,"5G",0,2,1,"Occasional",1,85.7,"No",0
"7517-LDMPS","Female",55,"No","No",12,1,"No",2,2,2,"Occasional",1,84.6,"No",0
"3428-MMGUB","Male",51,"No","No",60,2,"Fiber optic",0,2,1,"Occasional",24,89.55,"No",0
"2933-FILNV","Female",44,"No","No",2,0,"DSL",0,2,0,"Frequent",1,24.4,"Yes",0
"1143-NMNQJ","Female",50,"No","No",2,1,"No",0,2,2,"Frequent",1,85.7,"Yes",0
"5144-PQCDZ","Male",51,"No","No",4,1,"No",0,1,0,"Occasional",1,19.95,"No",0
"2087-QAREY","Female",39,"Yes","No",22,1,"DSL",2,2,0,"Occasional",1,54.7,"No",0
"7623-TRNQN","Male",62,"No","Yes",1,1,"DSL",0,3,0,"Occasional",1,49.9,"Yes",0
"4747-LCAQL","Male",29,"No","No",25,1,"DSL",3,3,3,"Occasional",1,79,"No",0
"1571-SAVHK","Male",33,"No","No",12,2,"5G",0,3,3,"Occasional",1,99.95,"Yes",0
"3763-GCZHZ","Male",31,"Yes","No",66,1,"No",2,3,3,"Occasional",12,104.05,"Yes",0
"2535-PBCGC","Female",46,"Yes","No",70,0,"DSL",3,3,3,"Occasional",24,64.55,"No",0
"5286-YHCVC","Male",21,"Yes","No",72,2,"Fiber optic",2,2,3,"Occasional",24,104.8,"No",0
"6050-FFXES","Female",45,"No","No",69,2,"DSL",0,3,3,"Occasional",24,105.35,"No",0
"8741-LQOBK","Female",21,"Yes","Yes",46,0,"DSL",3,2,0,"Occasional",1,35.05,"No",0
"2519-TWKFS","Male",64,"Yes","Yes",25,2,"DSL",0,3,0,"Occasional",12,55.1,"No",0
"2903-YYTBW","Male",20,"Yes","Yes",1,1,"DSL",0,2,0,"Occasional",1,44.55,"No",0
"2386-LAHRK","Male",54,"No","No",1,1,"No",0,2,1,"Frequent",1,53.5,"Yes",0
"9909-IDLEK","Male",52,"Yes","Yes",20,2,"Fiber optic",2,3,1,"Occasional",1,96.8,"No",0
"1272-ILHFG","Male",60,"No","No",15,1,"No",0,1,0,"Occasional",12,19.65,"No",0
"7299-GNVPL","Female",55,"No","No",23,1,"No",3,3,0,"Occasional",1,84.4,"No",0
"1704-NRWYE","Female",68,"No","No",9,1,"Fiber optic",0,2,1,"Frequent",1,80.85,"Yes",0
"9391-EOYLI","Male",72,"Yes","No",12,1,"DSL",0,2,2,"Frequent",1,80.45,"Yes",0
"2292-XQWSV","Male",35,"Yes","Yes",40,0,"DSL",2,3,3,"Occasional",12,60.3,"No",0
"4277-PVRAN","Female",39,"No","No",8,1,"No",0,2,1,"Frequent",1,80.1,"Yes",0
"4616-EWBNJ","Female",64,"No","No",16,1,"No",0,1,0,"Occasional",12,20.1,"No",0
"6369-MCAKO","Female",44,"Yes","Yes",68,2,"DSL",3,3,3,"Occasional",24,89.05,"No",0
"4311-QTTAI","Female",36,"No","No",16,1,"No",0,1,0,"Occasional",12,19.35,"No",0
"0799-DDIHE","Female",57,"Yes","Yes",15,1,"5G",0,2,0,"Occasional",1,46.3,"No",0
"7721-JXEAW","Male",48,"Yes","No",59,0,"5G",2,2,2,"Frequent",1,41.05,"Yes",0
"8957-THMOA","Female",19,"No","Yes",50,1,"5G",0,1,0,"Occasional",24,20.15,"No",0
"9053-JZFKV","Male",24,"No","No",67,2,"Fiber optic",3,3,3,"Occasional",24,116.2,"Yes",0
"8190-ZTQFB","Male",27,"No","No",41,0,"DSL",0,2,3,"Occasional",12,51.35,"No",0
"6349-JDHQP","Female",20,"No","No",53,1,"No",0,1,0,"Occasional",24,19.85,"No",0
"6813-GZQCG","Female",19,"Yes","Yes",45,2,"No",0,1,0,"Occasional",24,24.65,"No",0
"8080-DDEMJ","Male",67,"No","No",1,1,"5G",0,2,0,"Frequent",1,45.1,"Yes",0
"3669-WHAFY","Female",43,"Yes","No",71,2,"5G",3,3,3,"Occasional",24,115.15,"No",0
"4366-CTOUZ","Female",47,"No","No",50,1,"Fiber optic",2,3,3,"Occasional",24,100.2,"No",0
"2882-WDTBA","Male",32,"Yes","Yes",69,1,"5G",3,3,1,"Occasional",24,75.75,"No",0
"3721-CNZHX","Male",21,"No","No",15,1,"No",0,1,0,"Occasional",12,19.8,"No",0
"9039-RBEEE","Male",25,"No","No",39,0,"DSL",3,3,1,"Occasional",1,48.95,"Yes",0
"8690-UPCZI","Male",64,"Yes","Yes",29,2,"DSL",1,3,1,"Occasional",12,69.05,"No",0
"3853-LYGAM","Male",31,"No","No",17,1,"No",0,3,2,"Occasional",1,95.65,"No",0
"5269-NRGDP","Male",53,"Yes","Yes",42,1,"DSL",0,3,3,"Occasional",12,73.15,"No",0
"8295-KMENE","Female",54,"Yes","Yes",59,2,"DSL",1,3,1,"Occasional",24,76.45,"No",0
"6133-OZILE","Female",20,"No","No",18,0,"DSL",0,3,0,"Occasional",1,35.2,"No",0
"8160-HOWOX","Female",21,"No","No",7,1,"5G",0,2,3,"Occasional",1,66.85,"No",0
"1596-OQSPS","Female",49,"No","No",11,1,"DSL",2,2,0,"Occasional",1,51.1,"No",0
"4526-EXKKN","Male",41,"No","No",40,1,"No",0,1,0,"Occasional",24,24.6,"No",0
"9150-KPBJQ","Female",40,"No","No",6,1,"No",0,1,0,"Occasional",24,19.65,"No",0
"9359-JANWS","Female",30,"Yes","No",65,1,"5G",1,3,0,"Occasional",24,58.9,"No",0
"1207-BLKSA","Female",58,"No","No",52,2,"No",0,1,0,"Occasional",24,23.05,"No",0
"7963-SHNDT","Female",22,"No","No",52,1,"No",3,3,0,"Occasional",24,39.1,"No",0
"0016-QLJIS","Female",50,"Yes","Yes",65,2,"DSL",3,3,3,"Occasional",24,90.45,"No",0
"6184-DYUOB","Female",19,"Yes","No",3,1,"5G",0,1,0,"Occasional",1,19.6,"No",0
"4922-CVPDX","Female",49,"Yes","No",26,1,"DSL",2,2,3,"Occasional",24,73.5,"No",0
"8107-RZLNV","Male",45,"Yes","No",72,2,"Fiber optic",2,2,3,"Occasional",24,106.3,"No",0
"0529-ONKER","Male",82,"No","No",15,2,"5G",0,2,0,"Frequent",1,75.65,"Yes",0
"5309-TAIKL","Female",54,"No","No",7,1,"DSL",0,3,2,"Occasional",1,62.8,"No",0
"1855-CFULU","Female",81,"No","No",4,1,"No",0,1,0,"Occasional",1,20.05,"No",0
"3078-ZKNTS","Female",19,"Yes","Yes",13,1,"No",0,1,0,"Occasional",24,19.75,"No",0
"4419-UJMUS","Male",53,"Yes","Yes",69,2,"Fiber optic",0,3,3,"Occasional",24,99.35,"No",0
"1905-OEILC","Female",36,"No","No",1,1,"No",0,1,0,"Occasional",1,19.5,"No",0
"9906-NHHVC","Female",71,"No","No",65,0,"5G",2,2,3,"Occasional",24,53.5,"No",0
"7587-AOVVU","Male",56,"Yes","Yes",27,2,"No",3,3,1,"Occasional",1,100.75,"No",0
"1934-MKPXS","Male",47,"No","No",33,1,"5G",0,1,0,"Occasional",12,20.1,"No",0
"2851-MMUTZ","Female",26,"No","No",27,1,"5G",2,3,0,"Occasional",1,56.15,"No",0
"5515-AKOAJ","Female",42,"No","No",54,2,"Fiber optic",0,3,3,"Occasional",1,100.1,"Yes",0
"0929-HYQEW","Male",50,"No","No",3,1,"5G",1,2,0,"Occasional",1,50.15,"No",0
"1699-TLDLZ","Female",52,"No","No",16,1,"No",0,1,0,"Occasional",24,19.7,"No",0
"3292-PBZEJ","Male",85,"No","No",11,2,"5G",2,3,3,"Occasional",1,111.4,"No",0
"4623-ZKHLY","Male",65,"No","No",22,1,"5G",0,1,0,"Occasional",1,20.45,"No",0
"4026-SKKHW","Male",31,"No","No",3,1,"5G",0,3,0,"Occasional",1,50.25,"No",0
"2211-RMNHO","Female",52,"Yes","Yes",68,2,"DSL",2,3,3,"Occasional",24,85.3,"No",0
"0324-BRPCJ","Female",75,"Yes","No",68,2,"Fiber optic",2,2,3,"Frequent",1,100.2,"Yes",0
"6651-RLGGM","Male",22,"Yes","Yes",67,1,"No",0,1,0,"Occasional",24,26.3,"No",0
"0380-ZCSBI","Male",60,"No","No",10,1,"No",0,1,0,"Occasional",1,20,"No",0
"0880-FVFWF","Male",33,"No","No",56,1,"No",3,2,0,"Occasional",1,86.4,"No",0
"9796-BPKIW","Male",65,"No","No",8,1,"DSL",0,2,0,"Occasional",1,69.95,"No",0
"2320-YKQBO","Female",22,"No","No",7,1,"No",0,1,0,"Occasional",1,19.3,"No",0
"3884-UEBXB","Female",59,"No","No",67,0,"DSL",3,2,0,"Occasional",24,36.15,"No",0
"7065-YUNRY","Female",20,"No","No",1,1,"5G",0,2,0,"Frequent",1,45.3,"Yes",0
"9965-YOKZB","Male",71,"No","No",9,2,"Fiber optic",0,2,2,"Frequent",1,83.85,"Yes",0
"6461-SZMCV","Female",36,"Yes","No",71,1,"No",3,3,3,"Occasional",24,87.95,"No",0
"3511-BFTJW","Male",22,"Yes","Yes",72,0,"DSL",3,2,0,"Occasional",24,38.5,"No",0
"3334-CTHOL","Female",31,"No","No",1,2,"DSL",0,2,0,"Frequent",1,49.95,"Yes",0
"3329-WDIOK","Female",41,"No","No",3,0,"DSL",2,2,3,"Frequent",1,50.6,"Yes",0
"3746-EUBYR","Male",37,"Yes","No",1,2,"Fiber optic",0,2,0,"Frequent",1,74.6,"Yes",0
"0684-AOSIH","Male",54,"Yes","No",1,1,"Fiber optic",1,2,3,"Frequent",1,95,"Yes",0
"3318-NMQXL","Male",63,"No","No",3,1,"5G",0,2,3,"Occasional",1,92,"No",0
"8854-CCVSQ","Male",34,"No","No",18,2,"Fiber optic",2,2,0,"Frequent",1,80.65,"Yes",0
"3097-NNSPB","Female",19,"No","No",2,1,"5G",2,2,0,"Occasional",1,49.05,"Yes",0
"1750-CSKKM","Male",49,"No","Yes",9,1,"DSL",0,2,1,"Frequent",1,55.35,"Yes",0
"5135-RDDQL","Female",24,"Yes","Yes",63,1,"DSL",1,2,0,"Occasional",24,50.65,"No",0
"0866-QLSIR","Female",53,"No","No",34,2,"5G",3,3,0,"Occasional",12,64.4,"Yes",0
"9602-WCXPI","Male",20,"No","No",50,1,"No",0,1,0,"Occasional",12,20.15,"No",0
"5816-QVHRX","Female",30,"No","No",37,2,"Fiber optic",0,3,3,"Occasional",1,100.3,"No",0
"7924-GJZFI","Female",82,"Yes","No",25,1,"No",0,2,0,"Occasional",1,69.3,"No",0
"7941-RCJOW","Male",35,"No","No",65,1,"5G",0,1,0,"Occasional",24,19.55,"No",0
"6997-UVGOX","Male",44,"Yes","Yes",71,2,"No",3,3,3,"Occasional",24,85.45,"No",0
"7813-TKCVO","Female",45,"No","No",20,1,"No",0,1,0,"Occasional",12,20.35,"No",0
"7740-BTPUX","Male",83,"Yes","No",55,2,"No",2,3,3,"Occasional",24,113.6,"No",0
"4304-TSPVK","Female",20,"Yes","No",68,2,"5G",3,3,3,"Occasional",24,114.9,"No",0
"8884-MRNSU","Male",40,"No","No",17,1,"No",0,1,0,"Occasional",12,19.9,"No",0
"6051-PTVNS","Female",21,"Yes","Yes",55,1,"No",0,1,0,"Occasional",12,19.15,"No",0
"8563-OYMQY","Male",44,"No","No",17,1,"5G",2,2,2,"Occasional",1,90.95,"No",0
"2983-ZANRP","Female",46,"Yes","Yes",2,1,"Fiber optic",2,2,0,"Frequent",1,73.55,"Yes",0
"0975-VOOVL","Female",55,"No","No",3,0,"DSL",2,2,0,"Occasional",1,29.2,"No",0
"2003-CKLOR","Male",49,"No","No",66,1,"5G",2,2,3,"Frequent",1,99.5,"Yes",0
"6854-EXGSF","Female",49,"No","No",8,2,"DSL",3,2,0,"Occasional",1,65.5,"No",0
"7188-CBBBA","Female",64,"No","No",65,2,"5G",2,2,1,"Occasional",12,95.5,"No",0
"9443-JUBUO","Male",60,"Yes","Yes",72,1,"No",3,3,3,"Occasional",24,65.25,"No",0
"4359-INNWN","Female",20,"No","No",17,2,"No",0,1,0,"Occasional",12,20.05,"No",0
"5274-XHAKY","Female",24,"Yes","Yes",41,2,"Fiber optic",3,2,1,"Occasional",1,94.3,"No",0
"5028-GZLDO","Male",46,"No","No",2,1,"No",0,2,0,"Frequent",1,70.7,"Yes",0
"2990-OGYTD","Female",60,"Yes","No",67,2,"DSL",2,3,3,"Occasional",24,86.15,"No",0
"5515-IDEJJ","Male",50,"No","No",1,1,"No",0,1,0,"Occasional",1,19.9,"Yes",0
"8070-AAWZP","Male",87,"Yes","No",24,1,"DSL",0,3,0,"Occasional",1,34.25,"No",0
"8608-OZTLB","Male",59,"Yes","Yes",38,1,"DSL",3,3,1,"Occasional",12,74.05,"No",0
"6285-FTQBF","Male",22,"Yes","Yes",72,1,"DSL",0,1,0,"Occasional",24,25.55,"No",0
"9964-WBQDJ","Female",22,"Yes","No",71,2,"5G",0,1,0,"Occasional",24,24.4,"No",0
"1991-VOPLL","Female",19,"No","No",9,1,"No",0,1,0,"Occasional",1,19.05,"No",0
"0430-IHCDJ","Male",44,"No","No",15,2,"DSL",0,2,0,"Occasional",1,49,"No",0
"9277-JOOMO","Female",41,"No","No",3,2,"5G",0,1,0,"Occasional",1,24.6,"No",0
"5223-UZAVK","Male",42,"No","No",64,1,"5G",3,2,3,"Occasional",12,100.3,"No",0
"5405-ZMYXQ","Female",55,"No","No",8,2,"DSL",0,2,0,"Occasional",1,74.6,"No",0
"8807-OPMBM","Female",22,"Yes","Yes",55,2,"No",0,1,0,"Occasional",24,25.65,"No",0
"0840-DFEZH","Female",21,"No","No",7,1,"No",0,2,0,"Occasional",1,75.35,"No",0
"3002-WQZWT","Female",39,"No","No",29,2,"Fiber optic",0,2,0,"Occasional",1,74.2,"No",0
"8099-MZPUJ","Male",56,"Yes","Yes",48,2,"Fiber optic",3,3,3,"Occasional",24,111.8,"No",0
"3195-TQDZX","Male",22,"No","No",3,1,"5G",0,1,0,"Occasional",1,20.25,"No",0
"7663-RGWBC","Male",56,"No","No",1,1,"No",0,2,0,"Frequent",1,44.15,"Yes",0
"1397-XKKWR","Male",50,"No","No",7,0,"DSL",1,2,0,"Occasional",12,35.3,"No",0
"1697-BCSHV","Female",40,"Yes","Yes",58,2,"DSL",2,2,1,"Occasional",1,66.8,"No",0
"3570-YUEKJ","Female",26,"No","No",42,1,"DSL",2,2,0,"Occasional",1,49.55,"No",0
"9169-BSVIN","Male",26,"No","No",12,2,"DSL",0,2,3,"Occasional",1,74.75,"No",0
"3646-ITDGM","Female",22,"No","No",56,1,"No",0,1,0,"Occasional",24,19.7,"No",0
"7677-SJJJK","Male",22,"Yes","Yes",8,1,"DSL",0,1,0,"Occasional",12,19.9,"No",0
"2038-LLMLM","Female",62,"No","No",48,2,"5G",0,3,3,"Occasional",1,103.85,"No",0
"9970-QBCDA","Female",62,"No","No",6,1,"No",0,1,0,"Occasional",1,19.7,"No",0
"3566-CAAYU","Female",34,"Yes","Yes",64,0,"DSL",2,3,2,"Occasional",24,49.85,"No",0
"0022-TCJCI","Male",86,"No","No",45,1,"No",1,2,2,"Frequent",12,62.7,"Yes",0
"7740-KKCXF","Male",65,"No","No",51,0,"DSL",2,2,0,"Occasional",1,30.05,"No",0
"2898-MRKPI","Male",52,"No","No",68,2,"Fiber optic",2,2,3,"Occasional",12,101.05,"No",0
"4210-QFJMF","Female",57,"No","No",4,1,"No",0,2,2,"Frequent",1,79.15,"Yes",0
"8947-YRTDV","Male",26,"Yes","Yes",32,1,"5G",3,2,2,"Occasional",12,94.8,"No",0
"9500-WBGRP","Male",37,"No","No",69,1,"No",0,1,0,"Occasional",24,19.1,"No",0
"2569-WGERO","Female",58,"No","No",72,1,"No",0,1,0,"Occasional",24,21.15,"No",0
"0748-RDGGM","Male",25,"Yes","No",70,1,"Fiber optic",3,3,3,"Occasional",12,109.5,"Yes",0
"8071-SBTRN","Female",37,"No","No",70,2,"Fiber optic",3,2,3,"Occasional",24,111.15,"No",0
"5482-PLVPE","Female",62,"No","No",2,0,"DSL",0,2,0,"Frequent",1,24.35,"Yes",0
"1471-GIQKQ","Female",19,"No","No",1,1,"DSL",2,2,0,"Occasional",1,49.95,"No",0
"2974-GGUXS","Female",78,"Yes","No",36,2,"Fiber optic",2,2,1,"Occasional",1,91.95,"No",0
"7729-XBTWX","Male",21,"Yes","Yes",66,1,"No",0,1,0,"Occasional",24,19.75,"No",0
"2371-KFUOG","Male",54,"No","No",58,1,"Fiber optic",3,2,3,"Occasional",12,99.15,"No",0
"1561-BWHIN","Male",37,"No","No",19,1,"No",0,1,0,"Occasional",12,19.8,"No",0
"5360-LJCNJ","Female",26,"Yes","No",71,2,"Fiber optic",2,2,3,"Occasional",24,105.15,"No",0
"2030-BTZRO","Male",50,"No","No",6,1,"No",0,1,0,"Occasional",24,20.4,"No",0
"5858-EAFCZ","Male",29,"No","No",1,1,"5G",0,2,0,"Occasional",1,44.45,"No",0
"0496-AHOOK","Male",19,"Yes","No",24,1,"No",1,3,3,"Occasional",12,74.4,"No",0
"8734-FNWVH","Male",44,"Yes","Yes",31,2,"DSL",0,2,2,"Occasional",1,59.7,"No",0
"9637-EIHEQ","Female",31,"No","No",1,1,"DSL",0,3,0,"Occasional",1,50.8,"Yes",0
"9800-ONTFE","Female",64,"Yes","Yes",22,2,"Fiber optic",0,2,0,"Occasional",1,75.8,"No",0
"7244-KXYZN","Female",41,"No","No",24,1,"No",0,1,0,"Occasional",12,20.45,"No",0
"2004-OCQXK","Female",43,"No","No",1,1,"No",0,2,2,"Frequent",1,81.95,"Yes",0
"4654-ULTTN","Male",56,"Yes","No",70,2,"DSL",1,3,2,"Occasional",24,74.8,"No",0
"2720-WGKHP","Male",67,"No","No",2,2,"Fiber optic",0,2,3,"Frequent",1,94,"Yes",0
"5465-BUBFA","Female",20,"Yes","Yes",41,1,"No",0,1,0,"Occasional",24,19.3,"No",0
"7182-OVLBJ","Female",32,"Yes","Yes",62,2,"5G",1,2,3,"Occasional",24,101.15,"No",0
"1608-GMEWB","Male",76,"No","No",45,2,"Fiber optic",0,2,3,"Occasional",1,93.9,"No",0
"2979-SXESE","Female",64,"Yes","Yes",17,2,"Fiber optic",1,2,1,"Frequent",1,94.4,"Yes",0
"6345-ULYRW","Male",80,"Yes","No",44,2,"Fiber optic",2,2,2,"Frequent",12,88.4,"Yes",0
"7356-IWLFW","Male",25,"Yes","Yes",46,2,"Fiber optic",2,2,0,"Occasional",1,80,"No",0
"8749-CLJXC","Male",50,"No","No",1,1,"No",0,1,0,"Occasional",1,20.05,"No",0
"2101-RANCD","Female",34,"No","No",55,2,"Fiber optic",0,2,0,"Occasional",1,73.1,"No",0
"0366-NQSHS","Male",48,"No","No",2,1,"No",0,1,0,"Occasional",1,19.35,"No",0
"6305-YLBMM","Male",30,"No","No",69,1,"Fiber optic",2,3,3,"Occasional",12,104.05,"Yes",0
"9862-KJTYK","Male",22,"No","Yes",19,0,"DSL",0,2,0,"Occasional",1,25.35,"No",0
"5848-FHRFC","Female",20,"No","No",68,1,"5G",0,1,0,"Occasional",24,20.05,"No",0
"1431-AIDJQ","Male",34,"Yes","Yes",33,1,"DSL",2,3,3,"Occasional",24,82.1,"No",0
"1328-EUZHC","Female",20,"Yes","No",18,1,"No",0,1,0,"Occasional",24,20.1,"No",0
"7670-ZBPOQ","Female",64,"Yes","No",58,2,"5G",1,3,0,"Occasional",12,61.05,"No",0
"4078-SAYYN","Female",51,"No","No",11,2,"Fiber optic",0,2,3,"Frequent",1,100.75,"Yes",0
"3547-LQRIK","Female",43,"No","No",47,2,"No",0,1,0,"Occasional",12,26.9,"No",0
"5872-OEQNH","Female",64,"No","No",60,0,"DSL",1,2,2,"Occasional",12,44.45,"No",0
"6627-CFOSN","Female",45,"No","No",59,2,"Fiber optic",3,2,2,"Occasional",1,99.45,"No",0
"6322-PJJDJ","Male",56,"Yes","No",49,1,"No",2,2,3,"Occasional",24,94.8,"No",0
"6447-EGDIV","Female",61,"No","No",31,1,"No",0,1,0,"Occasional",12,20.95,"No",0
"7103-ZGVNT","Female",42,"Yes","Yes",69,2,"DSL",3,3,1,"Occasional",12,73.7,"No",0
"6704-UTUKK","Male",60,"Yes","No",29,0,"DSL",0,2,3,"Occasional",1,45.9,"No",0
"3144-KMTWZ","Male",57,"Yes","No",71,2,"5G",2,2,2,"Occasional",1,93.25,"No",0
"6288-CHQJB","Female",28,"Yes","Yes",54,1,"DSL",1,3,2,"Occasional",24,69.95,"No",0
"0458-HEUZG","Female",57,"No","No",13,0,"DSL",0,3,0,"Occasional",24,35.4,"No",0
"6586-PSJOX","Male",19,"No","Yes",15,1,"DSL",0,3,0,"Occasional",12,55.2,"No",0
"0060-FUALY","Female",42,"Yes","No",59,2,"Fiber optic",3,2,1,"Occasional",1,94.75,"No",0
"9398-MMQTO","Male",29,"No","No",3,1,"Fiber optic",2,2,0,"Occasional",1,74.45,"No",0
"0594-UFTUL","Male",37,"No","No",13,1,"No",0,1,0,"Occasional",1,19.85,"No",0
"2080-CAZNM","Female",78,"No","No",41,2,"Fiber optic",2,2,3,"Occasional",1,104.4,"No",0
"4550-EVXNY","Female",54,"No","Yes",1,1,"Fiber optic",0,2,0,"Frequent",1,69.65,"Yes",0
"7033-CLAMM","Female",57,"No","No",48,1,"No",0,1,0,"Occasional",24,20.2,"No",0
"0531-ZZJWQ","Male",70,"Yes","No",55,2,"Fiber optic",0,2,0,"Occasional",1,74,"No",0
"1575-KRZZE","Female",61,"No","No",4,1,"No",3,2,0,"Occasional",1,55.2,"No",0
"5438-QMDDL","Female",36,"Yes","No",19,1,"DSL",2,2,2,"Occasional",1,59.8,"No",0
"5577-OTWWW","Female",22,"No","No",15,1,"No",0,1,0,"Occasional",1,19.75,"Yes",0
"5762-TJXGK","Female",58,"No","No",52,1,"No",3,2,3,"Occasional",24,58.75,"No",0
"2988-PLAHS","Female",38,"No","No",3,1,"5G",0,2,3,"Occasional",12,69.95,"No",0
"6859-RKMZJ","Male",26,"Yes","No",11,1,"DSL",0,2,1,"Occasional",1,55.05,"No",0
"5649-VUKMC","Female",61,"No","No",12,1,"Fiber optic",0,2,3,"Frequent",12,95.5,"Yes",0
"2672-DZUOY","Male",37,"No","No",1,0,"5G",0,2,0,"Frequent",1,25.15,"Yes",0
"1329-VHWNP","Female",50,"No","No",7,0,"DSL",0,2,0,"Occasional",1,25.05,"No",0
"3551-HUAZH","Male",85,"No","No",1,2,"Fiber optic",0,2,0,"Frequent",1,74.4,"Yes",0
"4817-QRJSX","Female",40,"No","No",10,2,"Fiber optic",2,2,0,"Frequent",1,81,"Yes",0
"0334-ZFJSR","Female",48,"Yes","No",55,2,"DSL",3,3,0,"Occasional",12,66.05,"No",0
"8739-QOTTN","Female",19,"Yes","No",2,1,"No",0,1,0,"Occasional",1,20.35,"No",0
"5406-KGRMX","Female",22,"No","No",71,1,"No",0,1,0,"Occasional",24,24.55,"No",0
"8277-RVRSV","Female",45,"No","No",33,2,"No",0,1,0,"Occasional",12,24.15,"No",0
"2669-QVCRG","Female",56,"No","No",41,2,"Fiber optic",1,2,0,"Occasional",1,81.3,"No",0
"6898-MDLZW","Male",45,"No","No",12,1,"DSL",2,3,0,"Occasional",1,53.75,"No",0
"0899-WZRSD","Male",54,"No","No",56,2,"Fiber optic",1,3,3,"Occasional",1,105.35,"No",0
"6100-FJZDG","Male",38,"No","No",26,1,"DSL",0,1,0,"Occasional",12,20.05,"No",0
"6479-SZPLM","Male",41,"No","No",36,1,"5G",0,1,0,"Occasional",24,19.45,"No",0
"6295-OSINB","Male",20,"Yes","No",72,1,"No",3,2,3,"Occasional",24,109.65,"No",0
"9701-CDXHR","Female",32,"Yes","No",51,1,"Fiber optic",0,2,0,"Occasional",1,69.15,"No",0
"7446-KQISO","Male",62,"Yes","Yes",45,2,"Fiber optic",2,3,3,"Occasional",24,109.75,"No",0
"7315-WYOAW","Male",46,"No","No",13,2,"Fiber optic",0,3,3,"Occasional",1,100.75,"No",0
"3948-XHGNA","Male",61,"No","No",24,1,"DSL",1,2,0,"Frequent",1,49.55,"Yes",0
"2380-DAMQP","Female",51,"No","No",72,2,"Fiber optic",3,3,3,"Occasional",24,115.15,"No",0
"3656-TKRVZ","Female",59,"No","No",3,1,"DSL",3,2,0,"Frequent",1,55.35,"Yes",0
"5680-LQOGP","Female",56,"No","No",68,1,"No",3,3,3,"Occasional",24,82.45,"No",0
"6616-AALSR","Female",43,"Yes","Yes",65,2,"Fiber optic",1,2,3,"Occasional",24,104.3,"No",0
"1716-LSAMB","Male",20,"Yes","Yes",45,1,"DSL",1,3,0,"Occasional",24,54.65,"No",0
"1209-VFFOC","Male",34,"Yes","Yes",68,0,"DSL",3,3,2,"Occasional",24,56.4,"No",0
"6941-PMGEP","Female",43,"No","No",5,1,"5G",0,2,2,"Occasional",1,80,"Yes",0
"3227-WLKLI","Female",53,"Yes","Yes",65,1,"No",3,3,3,"Occasional",24,91.55,"No",0
"3677-TNKIO","Female",25,"No","No",14,1,"Fiber optic",0,2,0,"Frequent",1,71,"Yes",0
"6861-OKBCE","Female",21,"No","Yes",11,1,"No",0,1,0,"Occasional",1,20.1,"Yes",0
"2251-PYLPB","Male",23,"Yes","No",72,2,"5G",3,3,2,"Occasional",24,79.55,"No",0
"2263-SFSQZ","Male",56,"No","No",51,2,"No",0,1,0,"Occasional",24,24.95,"No",0
"5502-RLUYV","Female",40,"No","No",69,2,"Fiber optic",2,2,3,"Frequent",1,103.95,"Yes",0
"4189-NAKJS","Male",49,"No","No",26,2,"5G",0,2,0,"Occasional",12,51.55,"No",0
"7078-NVFAM","Female",22,"Yes","Yes",32,0,"DSL",3,2,0,"Occasional",1,35.15,"No",0
"0871-URUWO","Male",63,"Yes","No",13,2,"Fiber optic",0,2,3,"Frequent",1,102.25,"Yes",0
"8651-ENBZX","Female",82,"No","No",60,2,"Fiber optic",0,3,3,"Occasional",12,106,"Yes",0
"5895-QSXOD","Male",50,"No","No",9,1,"Fiber optic",0,2,0,"Occasional",1,70.05,"No",0
"0129-KPTWJ","Male",39,"Yes","No",72,1,"Fiber optic",0,2,3,"Occasional",1,94.65,"No",0
"5569-OUICF","Female",89,"Yes","No",28,2,"Fiber optic",0,3,3,"Occasional",1,101.3,"Yes",0
"5233-GEEAX","Male",45,"No","No",8,0,"DSL",0,2,0,"Frequent",1,29.4,"Yes",0
"2842-BCQGE","Male",43,"No","No",43,2,"Fiber optic",0,2,0,"Occasional",1,75.35,"No",0
"6907-NZZIJ","Female",63,"No","No",36,2,"Fiber optic",2,2,3,"Frequent",1,99.15,"Yes",0
"8490-BXHEO","Male",69,"No","No",18,2,"Fiber optic",2,2,0,"Occasional",1,80.55,"No",0
"8039-EQPIM","Male",42,"Yes","No",69,0,"DSL",1,3,3,"Occasional",24,60.25,"No",0
"2121-JAFOM","Female",33,"Yes","No",72,2,"Fiber optic",3,3,3,"Occasional",24,115.55,"No",0
"3955-JBZZM","Male",57,"No","No",20,1,"Fiber optic",0,2,1,"Occasional",1,78.8,"No",0
"3589-PPVKW","Male",25,"No","No",9,1,"DSL",0,2,0,"Occasional",1,44.4,"No",0
"7711-YIJWC","Male",24,"Yes","Yes",61,1,"No",3,3,3,"Occasional",12,84.9,"No",0
"5022-JNQEQ","Female",34,"Yes","Yes",9,1,"Fiber optic",0,3,0,"Occasional",1,75.85,"No",0
"8644-XLFBW","Male",87,"No","No",1,1,"Fiber optic",0,2,0,"Frequent",1,71.65,"Yes",0
"0301-KOBTQ","Male",22,"No","No",32,1,"DSL",0,1,0,"Occasional",24,20.05,"No",0
"2219-MVUSO","Male",38,"No","No",8,1,"DSL",0,2,0,"Frequent",1,45.15,"Yes",0
"2969-QWUBZ","Female",33,"No","No",2,0,"DSL",2,2,3,"Occasional",1,51.4,"No",0
"2386-OWURY","Female",26,"No","No",58,1,"Fiber optic",0,3,3,"Occasional",1,95.3,"No",0
"8199-ZLLSA","Male",43,"No","No",67,2,"Fiber optic",3,3,3,"Occasional",12,118.35,"Yes",0
"1814-DKOLC","Female",22,"No","No",5,2,"No",0,1,0,"Occasional",1,25.45,"No",0
"4238-JSSWH","Female",86,"Yes","No",35,2,"5G",0,2,3,"Occasional",1,102.05,"No",0
"5712-VBOXD","Female",38,"No","No",4,1,"No",0,1,0,"Occasional",1,20.15,"No",0
"8778-LMWTJ","Female",26,"No","No",9,1,"Fiber optic",1,2,0,"Occasional",1,74.85,"No",0
"9699-UBQFS","Female",77,"Yes","No",43,2,"Fiber optic",3,2,1,"Occasional",1,94.5,"No",0
"7439-DKZTW","Male",26,"No","No",1,1,"5G",0,2,1,"Occasional",1,80.55,"No",0
"2582-FFFZR","Female",45,"No","No",22,0,"DSL",0,2,3,"Occasional",1,50.6,"No",0
"1697-NVVGY","Male",84,"Yes","No",19,1,"DSL",1,2,1,"Occasional",1,66.4,"No",0
"9971-ZWPBF","Male",83,"Yes","Yes",34,2,"Fiber optic",2,3,3,"Occasional",1,108.9,"No",0
"6139-ZZRBQ","Male",63,"No","No",64,1,"No",0,1,0,"Occasional",24,20.05,"No",0
"5154-VEKBL","Female",54,"No","No",9,0,"DSL",1,3,3,"Occasional",1,58.5,"Yes",0
"4439-JMPMT","Female",21,"Yes","Yes",5,1,"Fiber optic",0,3,1,"Occasional",1,85.75,"Yes",0
"1360-RCYRT","Male",21,"Yes","Yes",23,0,"DSL",0,3,0,"Occasional",1,30.35,"No",0
"4227-OJHAL","Female",21,"Yes","Yes",68,2,"DSL",3,2,1,"Occasional",12,73,"No",0
"7048-GXDAY","Male",27,"No","No",39,2,"Fiber optic",3,2,3,"Occasional",1,106.4,"No",0
"4393-RYCRE","Male",52,"No","No",44,1,"Fiber optic",3,2,3,"Occasional",12,106.05,"No",0
"1685-VAYJF","Male",56,"No","No",11,1,"DSL",0,2,0,"Occasional",1,45.2,"No",0
"9592-ERDKV","Male",52,"Yes","No",37,2,"DSL",1,2,3,"Occasional",12,79.25,"No",0
"5567-GZKQY","Male",22,"No","No",58,1,"No",0,1,0,"Occasional",24,20.3,"No",0
"5213-TWWJU","Male",40,"No","No",28,1,"No",0,3,2,"Occasional",1,91,"No",0
"9818-XQCUV","Female",35,"No","No",2,1,"5G",0,1,0,"Occasional",1,20.35,"No",0
"8735-IJJEG","Male",40,"Yes","No",14,1,"5G",0,2,0,"Occasional",1,50.2,"No",0
"6598-KELSS","Male",42,"No","Yes",50,0,"DSL",3,2,1,"Occasional",12,43.05,"No",0
"6303-KFWSL","Female",44,"No","No",29,2,"5G",2,2,0,"Occasional",12,55.25,"No",0
"9972-EWRJS","Female",39,"No","No",67,1,"5G",0,1,0,"Occasional",24,19.25,"No",0
"0628-CNQRM","Male",57,"Yes","Yes",22,1,"DSL",1,3,1,"Occasional",12,67.5,"Yes",0
"9415-ZNBSX","Female",58,"Yes","Yes",70,2,"DSL",3,3,3,"Occasional",24,89,"No",0
"8756-RDDLT","Female",23,"No","No",68,0,"DSL",2,3,2,"Occasional",1,44.95,"No",0
"1930-BZLHI","Male",50,"No","No",21,1,"No",0,1,0,"Occasional",12,20.35,"No",0
"7427-AUFPY","Male",60,"No","No",54,1,"DSL",0,1,0,"Occasional",24,19.65,"No",0
"5828-DWPIL","Male",78,"Yes","No",62,2,"Fiber optic",3,2,0,"Occasional",1,89.1,"No",0
"4727-MCYZG","Male",31,"No","No",1,1,"No",0,2,2,"Occasional",1,55.55,"No",0
"7005-CYUIL","Female",80,"Yes","No",71,1,"DSL",3,3,1,"Occasional",24,99.4,"No",0
"3913-FCUUW","Female",41,"Yes","Yes",72,2,"DSL",3,3,0,"Occasional",24,70.45,"No",0
"0524-IAVZO","Female",60,"Yes","No",30,2,"DSL",0,2,2,"Frequent",1,85,"Yes",0
"8242-SOQUO","Female",72,"No","No",5,1,"5G",2,2,1,"Occasional",1,84.7,"No",0
"3546-GHEAE","Male",47,"No","No",7,1,"5G",0,1,0,"Occasional",24,19.45,"No",0
"6077-BDPXA","Female",28,"No","No",3,1,"5G",0,2,0,"Occasional",1,70.15,"No",0
"9313-CDOGY","Male",21,"Yes","Yes",38,1,"No",0,1,0,"Occasional",1,19.6,"No",0
"4847-QNOKA","Female",29,"No","No",1,1,"DSL",0,2,0,"Frequent",1,44.9,"Yes",0
"0531-XBKMM","Male",56,"No","Yes",66,2,"DSL",3,3,0,"Occasional",24,65.7,"No",0
"9992-RRAMN","Male",33,"Yes","No",22,1,"No",0,2,2,"Frequent",1,85.1,"Yes",0
"8917-SZTTJ","Male",47,"No","No",60,1,"5G",0,1,0,"Occasional",24,19.65,"No",0
"6878-GGDWG","Female",40,"No","No",32,1,"No",0,1,0,"Occasional",1,19.4,"No",0
"6917-YACBP","Female",73,"No","No",59,2,"Fiber optic",3,2,0,"Occasional",1,89.75,"No",0
"6330-JKLPC","Male",23,"Yes","No",11,2,"Fiber optic",2,2,0,"Frequent",1,80.5,"Yes",0
"2877-VDUER","Female",57,"Yes","Yes",35,0,"DSL",0,3,1,"Occasional",12,40.9,"No",0
"5494-HECPR","Female",31,"No","No",1,1,"5G",0,2,1,"Occasional",1,80.25,"Yes",0
"6248-BSHKG","Male",64,"No","No",61,1,"No",0,1,0,"Occasional",12,20.4,"No",0
"2348-KCJLT","Female",23,"Yes","No",44,1,"5G",3,2,0,"Occasional",12,61.5,"No",0
"6568-POCUI","Female",35,"Yes","No",45,1,"No",0,3,3,"Occasional",24,95.2,"No",0
"8780-RSYYU","Female",20,"No","No",25,1,"No",0,1,0,"Occasional",1,19.2,"No",0
"4813-HQMGZ","Female",24,"Yes","No",8,2,"5G",0,3,2,"Occasional",1,90.25,"No",0
"2346-LOCWC","Female",20,"Yes","Yes",58,1,"No",0,1,0,"Occasional",24,20.5,"No",0
"6029-CSMJE","Male",22,"No","No",17,1,"No",0,2,0,"Occasional",1,25.65,"No",0
"4720-VSTSI","Female",44,"No","No",44,2,"5G",2,2,0,"Frequent",1,84.8,"Yes",0
"7544-ZVIKX","Male",50,"Yes","Yes",58,2,"Fiber optic",0,3,3,"Occasional",12,105.05,"No",0
"7516-GMHUV","Male",65,"Yes","No",50,1,"No",1,2,3,"Occasional",24,105.05,"No",0
"0023-XUOPT","Female",55,"Yes","No",13,2,"Fiber optic",2,2,1,"Frequent",1,94.1,"Yes",0
"6702-OHFWR","Male",86,"No","No",1,0,"5G",2,2,2,"Frequent",1,43.3,"Yes",0
"4201-JMNGR","Female",76,"No","No",1,1,"DSL",1,2,0,"Frequent",1,55.8,"Yes",0
"8660-BUETV","Female",43,"No","No",3,1,"DSL",0,2,0,"Occasional",1,44.75,"No",0
"7269-JISCY","Female",25,"No","No",55,1,"DSL",0,2,0,"Occasional",12,45.05,"No",0
"2120-SMPEX","Male",45,"No","No",25,1,"5G",0,1,0,"Occasional",1,20.15,"No",0
"7855-DIWPO","Female",50,"No","No",21,1,"No",0,2,0,"Occasional",1,68.65,"No",0
"7480-SPLEF","Male",65,"No","No",69,2,"No",0,1,0,"Occasional",24,26,"No",0
"6671-NGWON","Female",56,"No","No",7,1,"No",0,1,0,"Occasional",1,20.35,"No",0
"5193-QLVZB","Male",19,"No","No",63,2,"5G",2,2,3,"Occasional",24,104.75,"No",0
"7560-QJAVJ","Female",57,"No","No",70,1,"DSL",1,3,3,"Occasional",24,79.6,"No",0
"6620-JDYNW","Female",33,"No","No",18,2,"No",1,2,0,"Occasional",1,60.6,"No",0
"4377-VDHYI","Male",44,"Yes","Yes",32,1,"Fiber optic",3,2,2,"Occasional",12,90.8,"No",0
"1089-XZWHH","Female",22,"Yes","Yes",24,1,"No",0,1,0,"Occasional",24,19.7,"No",0
"0320-JDNQG","Male",24,"Yes","Yes",23,1,"5G",1,3,3,"Occasional",1,99.85,"Yes",0
"4365-MSDYN","Male",51,"No","No",8,1,"5G",0,1,0,"Occasional",1,19.55,"No",0
"6174-NRBTZ","Male",20,"No","No",46,0,"DSL",1,2,0,"Occasional",12,30.75,"No",0
"5103-MHMHY","Female",59,"No","Yes",1,1,"5G",0,2,0,"Frequent",1,45.95,"Yes",0
"2538-OIMXF","Female",21,"No","Yes",1,0,"5G",0,2,0,"Occasional",1,24.7,"No",0
"9861-PDSZP","Female",20,"No","No",72,2,"Fiber optic",2,3,3,"Occasional",24,108.05,"No",0
"3838-OZURD","Male",20,"Yes","No",66,2,"5G",2,2,3,"Frequent",1,105,"Yes",0
"6897-UUBNU","Male",34,"No","No",29,1,"Fiber optic",2,3,1,"Occasional",1,89.65,"No",0
"6908-VVYHM","Male",51,"Yes","No",65,2,"5G",2,2,2,"Occasional",1,90.65,"No",0
"7109-MFBYV","Male",21,"No","No",26,1,"DSL",0,2,0,"Occasional",1,45.45,"No",0
"5329-KRDTM","Male",84,"Yes","No",72,2,"DSL",2,3,1,"Occasional",24,77.35,"No",0
"4918-FYJNT","Female",86,"Yes","No",55,2,"5G",2,3,0,"Occasional",1,90.45,"No",0
"6791-YBNAK","Male",64,"No","No",18,0,"5G",0,2,0,"Occasional",1,25.55,"No",0
"8659-IOOPU","Female",23,"Yes","Yes",71,2,"DSL",1,3,2,"Occasional",24,100.45,"No",0
"4000-VGMQP","Male",43,"Yes","Yes",38,2,"DSL",2,2,3,"Occasional",12,78.95,"No",0
"8963-JLGJT","Male",20,"No","Yes",3,1,"DSL",1,2,0,"Occasional",1,55.9,"No",0
"1989-PRJHP","Male",90,"Yes","No",27,2,"DSL",0,2,0,"Occasional",1,75.5,"Yes",0
"5307-DZCVC","Female",86,"Yes","No",32,1,"No",0,2,1,"Frequent",1,85.95,"Yes",0
"6140-QNRQQ","Male",20,"No","No",1,1,"5G",0,2,0,"Frequent",1,71.55,"Yes",0
"8851-RAGOV","Female",27,"Yes","No",25,1,"DSL",3,3,2,"Occasional",1,71.05,"No",0
"4827-DPADN","Female",21,"Yes","Yes",72,2,"DSL",1,3,3,"Occasional",24,83.3,"No",0
"8996-ZROXE","Male",86,"No","No",57,1,"No",0,3,0,"Occasional",12,53.5,"No",0
"7410-YTJIK","Female",38,"No","No",7,1,"No",0,2,0,"Frequent",1,75.45,"Yes",0
"6872-HXFNF","Female",39,"Yes","No",64,2,"DSL",0,3,0,"Occasional",12,58.35,"No",0
"8314-DPQHL","Male",51,"No","No",9,1,"No",1,3,2,"Occasional",12,50.8,"No",0
"5376-PCKNB","Male",21,"Yes","Yes",72,2,"Fiber optic",2,2,3,"Occasional",12,104.45,"No",0
"4355-HBJHH","Male",39,"Yes","Yes",67,2,"DSL",1,2,3,"Frequent",24,79.7,"Yes",0
"6821-BUXUX","Female",30,"No","No",13,2,"Fiber optic",3,2,1,"Occasional",1,96.65,"Yes",0
"5840-NVDCG","Female",35,"Yes","Yes",16,1,"DSL",3,3,2,"Occasional",24,68.25,"No",0
"6402-SSEJG","Female",51,"No","No",25,1,"No",3,2,3,"Occasional",12,61.05,"No",0
"1577-HKTFG","Female",62,"No","No",30,1,"No",0,1,0,"Occasional",1,19.65,"Yes",0
"3207-OYBWH","Male",69,"Yes","No",57,2,"5G",2,2,2,"Frequent",1,95.25,"Yes",0
"7706-YLMQA","Female",42,"No","No",70,1,"DSL",0,1,0,"Occasional",12,19.7,"No",0
"0020-JDNXP","Female",44,"Yes","Yes",34,0,"DSL",1,3,3,"Occasional",12,61.25,"No",0
"4250-ZBWLV","Male",47,"No","No",68,2,"Fiber optic",2,3,3,"Occasional",12,108.45,"Yes",0
"2929-QNSRW","Female",32,"Yes","No",56,2,"DSL",2,2,3,"Frequent",12,98.25,"Yes",0
"5701-ZIKJE","Male",64,"No","No",13,1,"DSL",0,3,0,"Occasional",1,50.55,"No",0
"2676-ISHSF","Male",21,"No","No",1,1,"No",0,1,0,"Occasional",1,20.3,"No",0
"4976-LNFVV","Male",78,"Yes","No",19,0,"DSL",2,2,0,"Occasional",1,34.3,"No",0
"6974-DAFLI","Female",20,"Yes","No",55,1,"5G",0,1,0,"Occasional",12,19.7,"No",0
"8642-GVWRF","Female",52,"Yes","No",2,1,"Fiber optic",2,2,0,"Frequent",1,79.7,"Yes",0
"0864-FVJNJ","Female",25,"Yes","Yes",64,2,"Fiber optic",3,3,3,"Occasional",12,113.35,"No",0
"0999-QXNSA","Male",87,"No","Yes",7,1,"5G",0,2,0,"Occasional",1,45.75,"No",0
"7134-HBPBS","Female",89,"No","No",72,2,"Fiber optic",2,3,3,"Occasional",24,108.1,"No",0
"0774-IFUVM","Male",20,"Yes","Yes",11,2,"5G",1,2,1,"Occasional",1,65.15,"No",0
"8218-FFJDS","Female",38,"Yes","No",72,2,"DSL",3,3,3,"Occasional",24,86.4,"No",0
"0147-ESWWR","Female",86,"Yes","No",39,2,"Fiber optic",0,3,3,"Occasional",1,101.25,"No",0
"6127-ISGTU","Female",28,"Yes","No",16,1,"DSL",0,2,1,"Frequent",1,84.95,"Yes",0
"1670-SVOWZ","Female",20,"Yes","Yes",14,1,"Fiber optic",2,3,2,"Occasional",1,89.65,"Yes",0
"8745-PVESG","Female",22,"No","No",57,0,"DSL",1,3,0,"Occasional",12,41.1,"No",0
"8311-UEUAB","Female",50,"Yes","Yes",67,2,"DSL",1,2,3,"Occasional",24,75.5,"No",0
"7649-SIJJF","Male",51,"Yes","No",71,2,"5G",3,3,2,"Occasional",24,80.1,"No",0
"8731-WBBMB","Female",52,"Yes","No",26,1,"DSL",2,3,3,"Occasional",1,81.9,"No",0
"8083-YTZES","Male",49,"No","No",4,2,"Fiber optic",0,2,0,"Occasional",1,74.35,"Yes",0
"0106-UGRDO","Female",24,"Yes","No",69,2,"No",3,3,3,"Occasional",24,116,"No",0
"9801-GDWGV","Female",63,"No","No",39,2,"Fiber optic",2,2,3,"Frequent",1,103.45,"Yes",0
"7665-NKLAV","Female",37,"No","No",36,1,"No",1,3,0,"Occasional",24,40.65,"No",0
"2323-ARSVR","Male",52,"Yes","No",67,1,"No",3,3,3,"Occasional",24,111.05,"No",0
"1501-SGHBW","Male",27,"No","No",2,1,"DSL",0,2,0,"Frequent",1,45.85,"Yes",0
"6352-GIGGQ","Male",20,"No","No",67,2,"DSL",3,3,3,"Occasional",12,88.8,"No",0
"1131-SUEKT","Male",31,"Yes","Yes",61,1,"5G",2,3,3,"Occasional",12,98.45,"No",0
"5130-YPIRV","Female",26,"Yes","No",62,1,"DSL",3,2,1,"Occasional",24,72,"No",0
"6877-LGWXO","Male",89,"Yes","No",18,1,"Fiber optic",0,2,2,"Frequent",1,78.55,"Yes",0
"5797-APWZC","Female",41,"No","No",1,1,"Fiber optic",0,2,3,"Frequent",1,90.6,"Yes",0
"8564-LDKFL","Male",26,"Yes","No",40,1,"No",2,2,3,"Occasional",12,106,"No",0
"3621-CHYVB","Female",37,"Yes","No",57,0,"DSL",1,3,2,"Occasional",1,49.9,"No",0
"9337-SRRNI","Male",49,"No","No",66,2,"5G",0,1,0,"Occasional",24,25.3,"No",0
"1251-STYSZ","Female",73,"No","No",4,2,"5G",1,2,0,"Occasional",1,80.25,"No",0
"3745-HRPHI","Male",29,"Yes","Yes",66,1,"DSL",0,3,3,"Occasional",24,54.65,"No",0
"8132-YPVBX","Female",59,"No","No",6,1,"Fiber optic",2,2,2,"Occasional",1,85.95,"No",0
"2959-MJHIC","Male",56,"Yes","No",4,1,"Fiber optic",0,2,1,"Occasional",1,80.35,"Yes",0
"7398-SKNQZ","Female",40,"No","No",3,2,"5G",0,2,3,"Occasional",1,94.9,"No",0
"9251-AWQGT","Female",56,"No","No",48,1,"No",0,1,0,"Occasional",24,20,"No",0
"9554-DFKIC","Male",52,"Yes","Yes",30,2,"5G",1,2,0,"Occasional",1,54.45,"No",0
"0420-BWTPW","Male",21,"No","Yes",8,0,"5G",0,2,0,"Frequent",1,25.5,"Yes",0
"7145-FEJWU","Female",51,"No","Yes",12,2,"No",2,2,3,"Occasional",1,105.3,"No",0
"6437-UKHMV","Female",29,"No","No",7,1,"Fiber optic",0,2,1,"Frequent",1,79.7,"Yes",0
"3279-DYZQM","Male",59,"No","No",71,1,"5G",0,1,0,"Occasional",24,19.45,"No",0
"2717-HVIZY","Female",47,"No","No",8,1,"No",0,1,0,"Occasional",1,20.05,"No",0
"7874-ECPQJ","Female",21,"No","Yes",4,1,"DSL",0,1,0,"Occasional",1,20.05,"No",0
"0607-MVMGC","Male",50,"Yes","Yes",45,2,"5G",2,2,3,"Occasional",12,78.75,"No",0
"2956-GGUCQ","Male",89,"Yes","No",24,2,"Fiber optic",1,2,0,"Frequent",1,78.85,"Yes",0
"4140-WJAWW","Female",19,"No","No",5,1,"No",0,1,0,"Occasional",1,19.85,"Yes",0
"9079-LWTFD","Male",59,"No","No",47,2,"5G",3,3,1,"Occasional",1,100.75,"No",0
"9955-QOPOY","Male",36,"Yes","No",69,0,"DSL",2,3,3,"Occasional",12,60.8,"No",0
"3569-VLDHH","Male",60,"Yes","Yes",66,1,"DSL",3,3,1,"Occasional",12,75.1,"No",0
"4176-FXYBO","Male",40,"Yes","No",54,1,"No",3,2,3,"Occasional",1,109.55,"No",0
"5536-RTPWK","Male",24,"Yes","No",49,2,"5G",2,2,3,"Occasional",1,99.05,"Yes",0
"7609-YBPXG","Male",64,"No","No",54,2,"DSL",1,3,3,"Occasional",24,87.1,"No",0
"9788-YTFGE","Male",22,"No","No",7,1,"5G",0,1,0,"Occasional",1,19.95,"No",0
"6963-EZQEE","Male",70,"Yes","No",70,1,"No",3,3,3,"Occasional",24,88.55,"No",0
"7032-LMBHI","Female",51,"No","No",37,2,"DSL",1,2,1,"Occasional",12,64.65,"No",0
"2898-LSJGD","Female",63,"Yes","Yes",21,0,"DSL",1,2,3,"Frequent",12,55.95,"Yes",0
"5469-CTCWN","Male",45,"Yes","Yes",61,2,"5G",3,2,3,"Frequent",12,106,"Yes",0
"8109-YUOHE","Male",41,"No","No",17,1,"DSL",3,2,0,"Occasional",12,56.1,"No",0
"9770-LXDBK","Female",46,"No","No",3,1,"No",0,1,0,"Occasional",1,20.4,"No",0
"4937-QPZPO","Male",57,"Yes","Yes",61,2,"Fiber optic",0,2,3,"Occasional",12,99.9,"No",0
"9894-EZEWG","Female",51,"No","No",1,1,"Fiber optic",2,2,0,"Frequent",1,74.3,"Yes",0
"9134-WYRVP","Male",62,"No","No",51,1,"Fiber optic",1,2,1,"Occasional",12,86.35,"No",0
"9103-TCIHJ","Female",34,"No","No",15,2,"DSL",1,2,0,"Frequent",1,55.7,"Yes",0
"8383-SGHJU","Female",39,"No","No",33,2,"5G",1,3,0,"Occasional",12,59.4,"No",0
"4369-HTUIF","Male",72,"No","No",6,1,"Fiber optic",1,2,1,"Frequent",1,85.15,"Yes",0
"6652-YFFJO","Female",36,"No","No",11,1,"DSL",0,2,3,"Occasional",1,64.9,"No",0
"2740-TVLFN","Male",63,"No","No",1,1,"No",0,2,0,"Occasional",1,50.15,"No",0
"3178-CIFOT","Female",37,"No","No",23,1,"No",0,1,0,"Occasional",12,19.65,"No",0
"1624-NALOJ","Male",65,"No","No",5,2,"Fiber optic",2,2,2,"Frequent",1,89.8,"Yes",0
"7619-PLRLP","Female",59,"Yes","No",53,2,"DSL",3,2,2,"Occasional",12,74.1,"No",0
"1226-UDFZR","Female",47,"No","No",2,1,"DSL",2,2,0,"Frequent",1,49.6,"Yes",0
"4763-PGDPO","Female",54,"No","No",4,1,"5G",0,2,0,"Frequent",1,70.4,"Yes",0
"4187-CINZD","Female",65,"No","No",46,1,"5G",2,2,3,"Frequent",12,95.25,"Yes",0
"6437-UDQJM","Female",68,"Yes","No",72,2,"DSL",3,2,3,"Occasional",24,84.1,"No",0
"1455-UGQVH","Male",30,"Yes","No",10,2,"Fiber optic",0,2,3,"Frequent",1,98.5,"Yes",0
"5914-GXMDA","Female",54,"No","No",32,1,"No",0,1,0,"Occasional",12,19.3,"No",0
"1134-YWTYF","Male",21,"Yes","No",27,1,"DSL",2,3,0,"Occasional",1,53.8,"No",0
"1460-UZPRJ","Male",19,"Yes","No",60,1,"No",0,1,0,"Occasional",24,19.95,"No",0
"1845-ZLLIG","Male",32,"No","No",1,1,"No",2,2,0,"Occasional",1,50.15,"No",0
"5843-TTHGI","Female",54,"No","No",18,1,"No",0,2,0,"Occasional",1,50,"No",0
"7389-KBFIT","Female",19,"Yes","Yes",2,0,"5G",2,2,0,"Occasional",1,30.25,"No",0
"4821-SJHJV","Female",45,"Yes","Yes",32,2,"Fiber optic",1,2,1,"Occasional",1,89.6,"No",0
"1100-DDVRV","Male",58,"Yes","No",17,0,"DSL",2,2,3,"Occasional",1,49.8,"No",0
"8711-LOBKY","Male",19,"Yes","Yes",59,1,"DSL",0,1,0,"Occasional",24,19.85,"No",0
"1730-ZMAME","Female",73,"No","No",32,1,"Fiber optic",0,2,2,"Occasional",1,79.5,"No",0
"7306-YDSOI","Male",58,"Yes","Yes",69,1,"DSL",3,2,0,"Occasional",24,59.75,"No",0
"6156-UZDLF","Female",63,"No","No",26,1,"Fiber optic",1,3,0,"Occasional",12,87.15,"No",0
"7519-JTWQH","Female",62,"No","No",69,2,"DSL",2,3,3,"Occasional",24,110.5,"No",0
"2075-RMJIK","Female",40,"Yes","Yes",5,1,"DSL",1,2,0,"Occasional",1,49.4,"No",0
"2916-BQZLN","Male",62,"No","No",19,2,"Fiber optic",1,2,0,"Occasional",1,84.75,"No",0
"8232-UTFOZ","Male",21,"No","No",69,1,"DSL",0,1,0,"Occasional",24,19.95,"No",0
"2439-LYPMQ","Male",82,"Yes","No",38,2,"5G",2,2,3,"Occasional",1,102.6,"No",0
"3629-WEAAM","Female",21,"No","No",8,1,"No",0,3,2,"Occasional",1,64.1,"No",0
"7868-BGSZA","Male",31,"Yes","No",43,2,"DSL",1,2,3,"Occasional",12,80.2,"No",0
"5574-NXZIU","Male",53,"No","No",63,1,"Fiber optic",3,3,3,"Occasional",24,109.2,"No",0
"3392-EHMNK","Female",28,"Yes","Yes",67,2,"DSL",2,3,1,"Occasional",24,94.1,"No",0
"9351-LZYGF","Female",32,"Yes","No",42,2,"DSL",3,3,0,"Occasional",1,66.4,"No",0
"9940-RHLFB","Female",42,"No","No",1,1,"Fiber optic",0,2,0,"Frequent",1,75.3,"Yes",0
"5673-TIYIB","Male",61,"No","No",2,0,"DSL",2,3,0,"Occasional",1,40.4,"Yes",0
"3506-LCJDC","Male",22,"Yes","Yes",1,1,"No",0,1,0,"Occasional",1,19.95,"Yes",0
"2332-EFBJY","Male",19,"No","No",16,1,"No",0,1,0,"Occasional",1,19.7,"Yes",0
"8048-DSDFQ","Male",62,"No","No",1,1,"No",0,1,0,"Occasional",1,20.2,"No",0
"6402-EJMWF","Male",53,"No","No",4,1,"DSL",0,2,2,"Occasional",1,55.3,"No",0
"0899-LIIBW","Male",32,"Yes","No",34,2,"Fiber optic",0,2,3,"Occasional",1,100.85,"No",0
"3739-YBWAB","Male",63,"No","No",36,0,"DSL",1,2,0,"Occasional",12,35.35,"No",0
"3030-YDNRM","Male",29,"No","No",8,2,"5G",0,2,0,"Occasional",1,74.85,"No",0
"8565-CLBZW","Male",21,"No","No",24,2,"5G",0,2,1,"Frequent",1,89.85,"Yes",0
"4250-FDVOU","Female",26,"No","No",6,1,"No",3,2,0,"Frequent",1,56.25,"Yes",0
"8292-FRFZQ","Female",46,"No","No",39,0,"DSL",3,3,0,"Occasional",12,41.15,"No",0
"8970-ANWXO","Female",26,"No","No",23,2,"5G",0,3,3,"Occasional",12,73.75,"No",0
"6519-ZHPXP","Female",35,"Yes","Yes",72,1,"Fiber optic",3,3,3,"Occasional",24,108.3,"No",0
"5248-KWLAR","Male",54,"Yes","Yes",71,2,"5G",3,3,3,"Occasional",24,90.35,"No",0
"6360-SVNWV","Female",77,"No","No",31,1,"DSL",1,2,0,"Occasional",1,73.55,"No",0
"0980-FEXWF","Male",56,"Yes","Yes",26,1,"DSL",0,2,0,"Occasional",12,50.35,"No",0
"5378-IKEEG","Female",63,"No","No",1,0,"DSL",0,2,1,"Frequent",1,35.75,"Yes",0
"1099-BTKWT","Female",56,"Yes","No",68,0,"DSL",1,2,3,"Occasional",12,54.4,"No",0
"6857-VWJDT","Female",39,"No","No",1,1,"No",0,2,3,"Frequent",1,95.65,"Yes",0
"9029-FEGVJ","Female",80,"Yes","No",32,2,"Fiber optic",0,2,0,"Occasional",1,79.3,"No",0
"7055-VKGDA","Male",34,"No","No",54,1,"Fiber optic",3,3,3,"Occasional",12,105.4,"Yes",0
"5325-UWTWJ","Male",31,"Yes","No",31,2,"Fiber optic",3,3,0,"Occasional",1,90.55,"No",0
"7107-UBYKY","Female",22,"Yes","Yes",35,2,"5G",0,1,0,"Occasional",1,25.75,"No",0
"6693-DJWTY","Female",34,"No","Yes",35,2,"No",3,2,0,"Occasional",12,55.6,"No",0
"7242-EDTYC","Male",19,"No","Yes",44,1,"No",0,1,0,"Occasional",24,19.55,"No",0
"4534-WGCIR","Female",65,"No","No",58,2,"No",0,1,0,"Occasional",24,25.15,"No",0
"0665-XHDJU","Male",25,"Yes","No",72,2,"Fiber optic",2,2,3,"Occasional",24,99.4,"No",0
"6048-QBXKL","Female",84,"No","No",2,2,"DSL",2,2,0,"Occasional",1,56.55,"No",0
"8003-EWNDZ","Female",64,"No","No",10,1,"No",0,1,0,"Occasional",1,21.2,"No",0
"8185-UPYBR","Male",42,"Yes","No",6,1,"DSL",0,2,0,"Frequent",1,75.5,"Yes",0
"2621-UDNLU","Female",19,"Yes","No",3,1,"No",0,1,0,"Occasional",1,20.85,"No",0
"5133-POWUA","Male",53,"No","No",1,1,"No",0,2,0,"Occasional",1,45.8,"No",0
"7163-OCEQI","Male",25,"Yes","Yes",22,2,"DSL",0,3,3,"Occasional",12,78.65,"No",0
"6483-OATDN","Male",25,"Yes","Yes",8,1,"DSL",1,2,0,"Occasional",1,51.3,"No",0
"7206-PQBBZ","Male",77,"Yes","No",11,1,"5G",0,2,0,"Occasional",1,70.2,"No",0
"3259-FDWOY","Male",52,"Yes","Yes",71,2,"Fiber optic",2,2,3,"Frequent",24,106,"Yes",0
"7338-ERIVA","Male",22,"No","Yes",39,0,"5G",1,3,1,"Occasional",12,45.05,"No",0
"8878-HMWBV","Male",48,"No","No",3,1,"DSL",0,2,0,"Frequent",1,49.15,"Yes",0
"2428-ZMCTB","Male",54,"No","No",10,1,"No",0,1,0,"Occasional",1,19.75,"No",0
"9898-KZQDZ","Female",71,"Yes","Yes",40,2,"5G",0,2,3,"Frequent",1,94.55,"Yes",0
"1075-BGWOH","Male",76,"Yes","No",16,2,"Fiber optic",0,2,3,"Frequent",1,98.75,"Yes",0
"2208-NQBCT","Female",52,"Yes","Yes",26,1,"5G",3,2,0,"Occasional",1,81.95,"No",0
"7892-QVYKW","Female",19,"Yes","Yes",23,2,"5G",0,2,2,"Occasional",1,85.6,"No",0
"6718-BDGHG","Female",29,"Yes","No",43,2,"5G",0,3,1,"Occasional",12,64.85,"No",0
"1976-AZZPJ","Male",39,"No","No",7,0,"DSL",3,2,0,"Occasional",1,34.2,"No",0
"6013-BHCAW","Male",39,"Yes","Yes",61,2,"DSL",0,3,3,"Occasional",24,81,"No",0
"1104-TNLZA","Male",81,"Yes","No",28,2,"Fiber optic",2,3,3,"Occasional",1,105.8,"No",0
"7217-JYHOQ","Male",42,"No","No",24,1,"5G",3,3,2,"Occasional",1,70.3,"No",0
"5091-HFAZW","Female",64,"No","No",2,1,"5G",3,2,1,"Occasional",1,91.15,"No",0
"9633-DENPU","Female",54,"Yes","No",47,1,"DSL",2,2,1,"Occasional",1,58.6,"No",0
"2674-MLXMN","Female",66,"No","No",71,2,"Fiber optic",2,2,3,"Occasional",1,99.65,"No",0
"0970-QXPXW","Female",52,"No","No",1,1,"No",0,1,0,"Occasional",1,19.65,"No",0
"1120-BMWUB","Female",48,"No","No",16,1,"No",2,3,0,"Occasional",1,53.9,"Yes",0
"7244-QWYHG","Male",25,"Yes","No",50,0,"DSL",1,3,1,"Occasional",12,44.45,"No",0
"2754-SDJRD","Female",75,"No","No",8,2,"5G",0,3,3,"Occasional",1,100.15,"No",0
"1074-AMIOH","Female",49,"Yes","Yes",53,1,"DSL",2,3,3,"Occasional",1,108.25,"No",0
"6693-FRIRW","Male",25,"No","No",18,1,"Fiber optic",2,2,3,"Occasional",1,101.3,"No",0
"2270-CHBFN","Female",20,"Yes","No",44,2,"Fiber optic",3,3,0,"Occasional",1,95.1,"No",0
"4674-HGNUA","Male",59,"Yes","Yes",71,1,"No",3,3,3,"Occasional",24,89.9,"No",0
"1628-BIZYP","Male",48,"No","No",1,1,"Fiber optic",2,2,2,"Occasional",1,85,"No",0
"5951-AOFIH","Male",20,"No","No",33,1,"DSL",2,2,1,"Occasional",1,66.4,"No",0
"3096-GKWEB","Male",25,"Yes","No",18,2,"Fiber optic",0,2,3,"Occasional",1,94.75,"No",0
"2718-YSKCS","Male",44,"No","No",71,1,"No",0,1,0,"Occasional",24,19.6,"No",0
"7644-OMVMY","Male",44,"No","No",0,1,"No",0,1,0,"Occasional",24,19.85,"No",0
"9286-DOJGF","Female",81,"Yes","No",38,2,"Fiber optic",0,2,0,"Frequent",1,74.95,"Yes",0
"8174-TBVCF","Female",49,"Yes","No",70,1,"No",3,3,3,"Occasional",24,94.8,"No",0
"1202-KKGFU","Female",45,"Yes","No",12,1,"DSL",1,3,0,"Occasional",1,54.2,"No",0
"2108-GLPQB","Male",27,"Yes","No",25,2,"DSL",0,2,0,"Occasional",1,55.55,"No",0
"5276-KQWHG","Female",89,"No","No",2,1,"Fiber optic",0,2,0,"Frequent",1,69.6,"Yes",0
"3162-KKZXO","Female",75,"No","No",55,2,"Fiber optic",0,2,3,"Occasional",12,100.15,"No",0
"8106-GWQOK","Male",61,"Yes","No",38,0,"DSL",3,3,3,"Occasional",24,60,"No",0
"1840-BIUOG","Male",47,"No","No",20,2,"DSL",2,3,1,"Occasional",12,68.7,"No",0
"9631-XEYKE","Male",19,"No","No",3,2,"DSL",0,2,0,"Occasional",1,50.4,"No",0
"5915-DGNVC","Female",57,"Yes","No",49,2,"DSL",3,2,2,"Occasional",12,71.8,"No",0
"9480-BQJEI","Male",54,"No","No",62,2,"DSL",3,2,2,"Occasional",12,92.3,"No",0
"8224-DWCKX","Male",75,"No","No",12,2,"Fiber optic",0,2,0,"Occasional",1,73.3,"No",0
"4742-TXUEX","Female",20,"Yes","Yes",47,1,"No",0,1,0,"Occasional",24,19.3,"No",0
"8519-QJGJD","Female",46,"No","No",14,1,"5G",0,2,0,"Frequent",1,75.35,"Yes",0
"3717-FDJFU","Male",57,"No","No",5,1,"No",0,1,0,"Occasional",24,20.45,"No",0
"0788-DXBFY","Male",19,"Yes","Yes",58,1,"5G",0,1,0,"Occasional",12,19.55,"No",0
"1080-BWSYE","Male",55,"No","No",64,2,"No",0,1,0,"Occasional",24,25.65,"No",0
"0206-OYVOC","Female",58,"No","No",46,1,"No",0,1,0,"Occasional",24,19.25,"No",0
"1371-DWPAZ","Female",32,"Yes","Yes",0,0,"5G",3,3,1,"Occasional",24,56.05,"No",0
"8325-QRPZR","Female",26,"No","No",7,1,"No",0,2,0,"Occasional",1,75.15,"No",0
"8722-NGNBH","Male",37,"No","No",5,0,"DSL",1,3,0,"Occasional",1,40,"Yes",0
"2305-MRGLV","Male",37,"No","No",28,1,"Fiber optic",0,3,0,"Occasional",1,76.55,"No",0
"1432-FPAXX","Female",41,"No","No",29,1,"No",2,2,0,"Frequent",1,30.6,"Yes",0
"2364-UFROM","Male",65,"No","No",30,1,"DSL",3,3,1,"Occasional",12,70.4,"No",0
"7072-MBHEV","Female",70,"Yes","Yes",11,2,"Fiber optic",0,2,0,"Occasional",1,78.1,"No",0
"7853-OETYL","Female",41,"No","No",4,0,"DSL",1,2,0,"Occasional",1,29.05,"No",0
"9114-DPSIA","Male",57,"Yes","Yes",72,2,"DSL",3,3,2,"Occasional",24,81,"No",0
"2027-WKXMW","Female",23,"Yes","No",63,2,"Fiber optic",2,3,3,"Occasional",1,108.75,"No",0
"5949-EBSQK","Male",50,"No","No",4,1,"DSL",0,3,2,"Occasional",1,61.45,"Yes",0
"9256-JTBNZ","Female",22,"No","No",11,1,"No",0,1,0,"Occasional",1,20.3,"No",0
"3018-TFTSU","Male",34,"No","No",12,1,"Fiber optic",1,2,0,"Frequent",1,81.7,"Yes",0
"9058-MJLZC","Female",43,"No","No",24,1,"Fiber optic",1,2,3,"Occasional",1,94.6,"No",0
"9306-CPCBC","Female",30,"No","No",3,2,"Fiber optic",0,2,0,"Frequent",1,74.25,"Yes",0
"7666-WKRON","Female",53,"No","No",39,1,"Fiber optic",0,3,0,"Occasional",24,80.45,"Yes",0
"7434-SHXLS","Female",22,"No","No",1,1,"No",0,1,0,"Occasional",1,20.9,"Yes",0
"3500-NSDOA","Male",35,"Yes","Yes",68,2,"5G",2,3,2,"Occasional",24,70.8,"No",0
"5712-PTIWW","Male",60,"No","No",2,1,"Fiber optic",0,3,0,"Occasional",1,79.85,"Yes",0
"3612-YUNGG","Male",43,"Yes","Yes",64,2,"Fiber optic",2,3,3,"Occasional",24,109.2,"No",0
"9618-LFJRU","Female",60,"No","No",4,1,"DSL",0,1,0,"Occasional",1,20.45,"No",0
"4902-OHLSK","Female",87,"No","No",29,2,"Fiber optic",0,3,3,"Occasional",1,98.65,"Yes",0
"1265-XTECC","Female",65,"Yes","No",68,2,"Fiber optic",3,2,2,"Frequent",12,96.55,"Yes",0
"4844-JJWUY","Female",74,"No","No",1,1,"Fiber optic",2,2,2,"Frequent",1,86,"Yes",0
"3908-MKIMJ","Male",80,"Yes","No",68,0,"DSL",3,2,0,"Occasional",24,41.95,"No",0
"7359-SSBJK","Female",72,"No","No",64,1,"DSL",3,3,1,"Occasional",24,70.2,"Yes",0
"2195-VVRJF","Male",90,"Yes","No",18,1,"No",1,2,2,"Occasional",1,59.1,"No",0
"4193-ORFCL","Female",71,"No","No",1,1,"5G",0,2,0,"Frequent",1,45.1,"Yes",0
"2025-JKFWI","Male",38,"No","No",13,2,"Fiber optic",0,3,3,"Occasional",1,99,"Yes",0
"2307-FYNNL","Male",80,"No","No",65,2,"5G",1,3,3,"Occasional",24,109.05,"No",0
"9392-XBGTD","Male",21,"No","Yes",27,1,"No",0,1,0,"Occasional",24,20.6,"No",0
"9717-QEBGU","Male",30,"No","No",2,1,"Fiber optic",0,2,0,"Occasional",1,70.3,"No",0
"7017-VFULY","Female",55,"No","No",2,1,"No",0,1,0,"Occasional",1,20.1,"No",0
"9916-AYHTC","Male",60,"No","No",48,1,"No",0,1,0,"Occasional",24,19.85,"No",0
"8016-ZMGMO","Female",83,"Yes","No",66,2,"5G",2,2,1,"Occasional",12,70.85,"No",0
"3528-HFRIQ","Male",68,"Yes","No",71,0,"DSL",2,2,3,"Occasional",1,52.3,"No",0
"7629-WIXZF","Female",60,"No","No",7,1,"No",1,2,2,"Occasional",12,59.1,"No",0
"8717-VCTXJ","Male",52,"No","No",42,1,"5G",0,1,0,"Occasional",12,19.55,"No",0
"0485-ZBSLN","Male",22,"Yes","Yes",65,2,"No",0,1,0,"Occasional",24,24.75,"No",0
"4948-WBBKL","Female",85,"No","No",36,2,"Fiber optic",0,2,0,"Occasional",1,74.9,"No",0
"2123-VSCOT","Female",30,"Yes","Yes",59,2,"5G",0,3,1,"Occasional",24,72.1,"No",0
"0687-ZVTHB","Male",47,"Yes","Yes",65,2,"DSL",3,2,2,"Frequent",12,72.45,"Yes",0
"4285-GYRQC","Female",50,"No","No",7,1,"5G",0,2,1,"Frequent",1,86.25,"Yes",0
"2506-TNFCO","Female",89,"Yes","No",1,1,"Fiber optic",0,2,0,"Frequent",1,69.55,"Yes",0
"1431-CYWMH","Female",44,"No","No",22,1,"No",0,1,0,"Occasional",1,19.05,"No",0
"6407-GSJNL","Female",42,"No","No",51,2,"No",0,1,0,"Occasional",24,24.95,"No",0
"8242-JSVBO","Male",59,"No","No",7,1,"DSL",0,2,0,"Occasional",1,44.65,"No",0
"7742-MYPGI","Female",44,"Yes","Yes",6,1,"No",0,3,0,"Occasional",1,48.8,"No",0
"7096-UCLNH","Male",46,"No","No",1,1,"No",0,1,0,"Occasional",1,20.05,"No",0
"6969-MVBAI","Female",88,"No","No",9,2,"Fiber optic",0,2,1,"Occasional",1,90.1,"No",0
"3916-NRPAP","Male",61,"No","No",3,1,"5G",0,2,2,"Occasional",1,85.7,"No",0
"5519-TEEUH","Male",21,"No","Yes",33,1,"No",0,1,0,"Occasional",12,20.15,"No",0
"2911-WDXMV","Male",43,"No","Yes",18,2,"5G",0,2,0,"Occasional",1,80.55,"No",0
"9397-TZSHA","Female",19,"No","No",69,2,"5G",0,1,0,"Occasional",24,24.6,"No",0
"5982-PSMKW","Female",49,"Yes","Yes",23,2,"DSL",3,3,3,"Occasional",24,91.1,"No",0
"1174-FGIFN","Female",47,"Yes","Yes",28,1,"No",0,3,2,"Occasional",12,90.45,"No",0
"4918-QLLIW","Male",39,"No","No",3,1,"No",0,2,1,"Frequent",1,53.4,"Yes",0
"1320-HTRDR","Female",47,"No","No",3,2,"Fiber optic",0,2,0,"Frequent",1,75.5,"Yes",0
"4070-OKWVH","Female",37,"Yes","No",52,2,"Fiber optic",2,2,1,"Occasional",1,94.6,"No",0
"5231-FIQPA","Female",48,"No","No",41,1,"No",0,1,0,"Occasional",24,19.85,"No",0
"2777-PHDEI","Female",32,"No","No",1,1,"Fiber optic",0,2,1,"Frequent",1,78.05,"Yes",0
"1729-VLAZJ","Female",64,"No","Yes",10,0,"DSL",3,3,0,"Occasional",12,40.25,"No",0
"5939-XAIXZ","Female",30,"No","No",19,2,"DSL",0,2,0,"Occasional",1,56.1,"No",0
"9995-HOTOH","Male",19,"Yes","Yes",63,0,"5G",3,2,3,"Occasional",24,59,"No",0
"4418-LZMSV","Male",25,"Yes","Yes",13,1,"5G",2,3,0,"Occasional",1,61.8,"No",0
"0813-TAXXS","Male",42,"No","No",55,2,"DSL",0,2,3,"Occasional",24,77.8,"No",0
"2606-RMDHZ","Male",19,"No","No",6,0,"DSL",2,2,0,"Frequent",1,30.5,"Yes",0
"1642-HMARX","Female",50,"Yes","No",68,1,"No",3,3,3,"Occasional",24,91.7,"No",0
"2636-ALXXZ","Female",77,"No","No",1,1,"No",0,2,0,"Frequent",1,69.6,"Yes",0
"3423-HHXAO","Female",57,"No","No",14,1,"No",0,1,0,"Occasional",12,19.5,"No",0
"2862-PFNIK","Male",19,"No","Yes",1,0,"DSL",0,2,0,"Occasional",1,24.7,"No",0
"7267-FRMJW","Female",21,"Yes","Yes",25,1,"No",0,1,0,"Occasional",24,20.1,"No",0
"9253-VIFJQ","Male",41,"Yes","No",65,2,"DSL",3,2,0,"Occasional",12,67.05,"No",0
"4829-AUOAX","Female",37,"No","No",46,2,"DSL",0,2,3,"Frequent",1,96.05,"Yes",0
"3251-YMVWZ","Male",48,"No","No",53,1,"No",0,1,0,"Occasional",12,24.05,"No",0
"0326-VDYXE","Female",52,"Yes","No",70,2,"Fiber optic",0,2,3,"Occasional",12,97.65,"No",0
"2908-ZTPNF","Female",21,"No","No",36,0,"DSL",2,3,0,"Occasional",1,34.85,"No",0
"0607-DAAHE","Male",19,"No","Yes",53,1,"No",0,1,0,"Occasional",24,19.75,"Yes",0
"4003-FUSHP","Male",53,"No","No",19,1,"DSL",0,3,1,"Occasional",1,61.55,"No",0
"1449-XQEMT","Male",22,"No","No",3,1,"No",0,1,0,"Occasional",1,19.8,"Yes",0
"2791-SFVEW","Female",21,"No","No",9,1,"No",0,1,0,"Occasional",1,20.15,"No",0
"7698-YFGEZ","Male",56,"No","No",1,1,"No",0,1,0,"Occasional",1,20,"No",0
"9496-IVVRP","Female",21,"Yes","Yes",11,1,"DSL",1,2,0,"Occasional",1,51,"No",0
"6614-YOLAC","Female",40,"No","No",71,0,"5G",3,3,3,"Occasional",24,58.65,"No",0
"4892-VLANZ","Male",22,"No","No",1,1,"No",0,1,0,"Occasional",1,19.8,"Yes",0
"4816-LXZYW","Female",27,"No","No",23,2,"5G",2,2,0,"Frequent",1,79.15,"Yes",0
"8670-ERCJH","Male",50,"No","No",72,1,"No",3,3,3,"Occasional",24,113.4,"No",0
"8390-FESFV","Female",63,"No","No",62,2,"5G",2,3,3,"Occasional",24,84.5,"No",0
"6351-SCJKT","Male",61,"No","No",3,1,"No",1,3,0,"Occasional",1,41.35,"No",0
"7216-EWTRS","Female",69,"Yes","No",1,2,"5G",0,2,3,"Frequent",1,100.8,"Yes",0
"8709-KRDVL","Female",60,"No","No",33,2,"Fiber optic",2,2,3,"Occasional",1,100,"No",0
"2103-ZRXFN","Male",45,"No","No",1,2,"DSL",0,2,0,"Occasional",1,50.75,"No",0
"8623-TMRBY","Male",67,"Yes","Yes",51,2,"Fiber optic",2,2,0,"Frequent",1,84.2,"Yes",0
"6773-LQTVT","Female",85,"Yes","Yes",29,0,"DSL",2,2,0,"Occasional",1,35.65,"No",0
"4013-UBXWQ","Female",48,"No","No",7,1,"No",0,3,3,"Occasional",1,74.65,"Yes",0
"8146-QQKZH","Female",47,"Yes","No",71,1,"5G",1,3,3,"Occasional",24,81.85,"No",0
"9957-YODKZ","Male",89,"Yes","No",6,2,"5G",0,2,0,"Occasional",1,80.8,"No",0
"9046-DQMTP","Male",62,"No","No",35,1,"5G",0,1,0,"Occasional",1,20.75,"No",0
"3319-DWOEP","Male",85,"Yes","No",6,1,"Fiber optic",0,2,3,"Frequent",1,95.75,"Yes",0
"3977-QCRSL","Female",19,"No","No",5,1,"5G",0,1,0,"Occasional",1,20.15,"No",0
"9786-YWNHU","Female",40,"Yes","Yes",63,1,"DSL",3,3,0,"Occasional",24,63.55,"No",0
"7771-ZONAT","Male",35,"No","No",22,0,"5G",0,3,3,"Occasional",24,56.75,"No",0
"6064-ZATLR","Female",64,"No","No",27,1,"DSL",3,2,0,"Occasional",24,52.85,"No",0
"6000-APYLU","Male",61,"No","No",9,1,"Fiber optic",0,2,2,"Frequent",1,80.8,"Yes",0
"0842-IWYCP","Female",55,"No","No",46,1,"5G",0,2,0,"Occasional",1,44.95,"No",0
"6161-ERDGD","Male",37,"Yes","Yes",71,2,"5G",1,3,3,"Occasional",12,85.45,"No",0
"8901-UPRHR","Female",58,"Yes","Yes",72,2,"Fiber optic",2,3,3,"Occasional",24,109.2,"No",0
"3910-MRQOY","Female",20,"Yes","No",72,1,"5G",0,1,0,"Occasional",24,19.4,"No",0
"5311-IHLEI","Male",36,"No","No",12,1,"No",3,3,1,"Occasional",1,50.95,"No",0
"4906-ZHGPK","Male",38,"No","No",54,2,"5G",2,3,1,"Occasional",12,70.7,"No",0
"6599-SFQVE","Female",55,"No","No",6,1,"DSL",0,2,2,"Occasional",1,55,"No",0
"2810-FTLEM","Female",54,"No","No",16,1,"DSL",1,2,0,"Frequent",1,50.15,"Yes",0
"6434-TTGJP","Male",61,"Yes","Yes",10,0,"DSL",3,3,2,"Occasional",24,53.7,"No",0
"3426-NIYYL","Male",62,"No","No",15,1,"No",0,2,0,"Frequent",1,51.55,"Yes",0
"6119-SPUDB","Male",36,"No","No",46,0,"DSL",1,3,0,"Occasional",24,38.25,"No",0
"3457-PQBYH","Female",21,"Yes","Yes",58,2,"No",0,1,0,"Occasional",24,20.3,"No",0
"2673-ZALNP","Female",20,"No","No",7,1,"No",0,1,0,"Occasional",12,19.9,"No",0
"3496-LFSZU","Male",60,"Yes","No",4,1,"5G",0,2,0,"Occasional",1,70.5,"No",0
"9279-CJEOJ","Female",75,"No","No",21,2,"Fiber optic",0,2,3,"Occasional",1,95.4,"No",0
"2074-GKOWZ","Male",59,"Yes","Yes",2,1,"5G",0,2,3,"Occasional",1,89.55,"Yes",0
"0962-CQPWQ","Female",20,"Yes","Yes",62,1,"No",0,1,0,"Occasional",24,20.3,"No",0
"8066-POXGX","Female",22,"No","No",13,0,"DSL",0,2,2,"Frequent",1,35.1,"Yes",0
"7435-ZNUYY","Male",57,"No","No",6,1,"No",0,1,0,"Occasional",12,20.6,"No",0
"4548-SDBKE","Female",60,"No","No",5,2,"Fiber optic",0,2,1,"Frequent",1,85.2,"Yes",0
"7641-TQFHN","Male",29,"No","Yes",39,1,"No",0,3,3,"Occasional",24,100.55,"No",0
"2947-DOMLJ","Male",55,"No","Yes",1,1,"No",1,2,0,"Frequent",1,50.6,"Yes",0
"8902-ZEOVF","Male",44,"No","No",47,1,"No",0,1,0,"Occasional",12,20.05,"No",0
"9738-QLWTP","Male",25,"No","No",39,1,"Fiber optic",0,3,0,"Occasional",12,81.9,"No",0
"2675-IJRGJ","Male",21,"No","No",53,1,"No",0,1,0,"Occasional",24,19.65,"No",0
"9867-XOBQA","Female",62,"No","Yes",21,0,"DSL",3,3,1,"Occasional",24,53.15,"No",0
"4652-NNHNY","Male",20,"Yes","No",16,2,"Fiber optic",0,2,0,"Frequent",1,73.85,"Yes",0
"9688-YGXVR","Female",34,"No","No",44,1,"Fiber optic",2,2,1,"Occasional",1,88.15,"No",0
"7621-VPNET","Female",29,"Yes","No",42,2,"Fiber optic",0,3,0,"Occasional",1,85.9,"No",0
"4404-HIBDJ","Female",42,"No","No",25,1,"DSL",3,3,1,"Occasional",12,74.3,"Yes",0
"8007-YYPWD","Female",42,"No","No",15,2,"5G",0,1,0,"Occasional",24,25.05,"No",0
"7537-RBWEA","Female",19,"No","No",1,0,"DSL",0,2,0,"Occasional",1,25.15,"No",0
"8149-AIQCG","Male",37,"No","No",39,2,"Fiber optic",0,2,0,"Occasional",1,73.15,"No",0
"0625-AFOHS","Female",49,"No","No",29,1,"No",0,1,0,"Occasional",24,20.2,"No",0
"0121-SNYRK","Male",53,"No","No",50,0,"5G",1,3,0,"Occasional",12,35.4,"No",0
"0471-LVHGK","Male",54,"Yes","No",41,2,"5G",0,2,3,"Frequent",12,73,"Yes",0
"6692-UDPJC","Female",54,"Yes","Yes",14,2,"Fiber optic",0,3,1,"Occasional",1,91.65,"Yes",0
"7526-BEZQB","Male",61,"No","No",12,1,"No",0,2,3,"Frequent",1,96.05,"Yes",0
"3253-HKOKL","Female",59,"No","No",52,1,"5G",1,2,3,"Occasional",12,100.3,"No",0
"9972-VAFJJ","Female",78,"Yes","No",53,1,"Fiber optic",2,3,1,"Occasional",12,94,"No",0
"6617-WLBQC","Female",34,"Yes","Yes",23,2,"Fiber optic",1,2,0,"Occasional",12,81.85,"No",0
"0188-GWFLE","Male",40,"No","No",2,2,"No",0,1,0,"Occasional",1,20.05,"No",0
"0929-PECLO","Female",69,"No","No",63,2,"Fiber optic",0,2,2,"Occasional",1,89.6,"No",0
"7252-NTGSS","Female",28,"No","No",1,1,"DSL",0,2,0,"Occasional",1,45.15,"No",0
"3877-JRJIP","Male",62,"No","No",1,2,"5G",0,2,1,"Frequent",1,59.85,"Yes",0
"4505-EXZHB","Female",85,"No","No",6,1,"Fiber optic",0,2,0,"Frequent",1,74.4,"Yes",0
"5514-YQENT","Male",46,"No","Yes",41,1,"5G",3,3,3,"Occasional",24,111.15,"No",0
"1625-JAIIY","Female",25,"Yes","Yes",68,1,"No",0,2,1,"Frequent",12,83,"Yes",0
"1227-UDMZR","Female",53,"Yes","No",72,2,"DSL",3,3,3,"Occasional",24,91.15,"No",0
"4195-PNGZS","Male",21,"Yes","Yes",69,2,"5G",0,1,0,"Occasional",24,24.45,"No",0
"3764-MNMOI","Male",44,"No","No",46,1,"5G",0,1,0,"Occasional",24,19.2,"No",0
"1178-PZGAB","Female",43,"No","No",19,1,"5G",0,1,0,"Occasional",12,20.25,"No",0
"4702-IOQDC","Female",56,"No","No",1,1,"Fiber optic",0,2,0,"Frequent",1,70.1,"Yes",0
"4724-WXVWF","Male",47,"No","No",48,2,"Fiber optic",1,3,2,"Occasional",1,95.4,"No",0
"3301-VKTGC","Male",26,"Yes","Yes",68,2,"Fiber optic",3,2,0,"Occasional",12,85.5,"No",0
"5458-CQJTA","Male",59,"Yes","Yes",65,1,"DSL",1,3,3,"Occasional",24,74.8,"Yes",0
"6502-MJQAE","Male",38,"No","No",1,1,"Fiber optic",0,2,0,"Occasional",1,69.6,"Yes",0
"1208-DNHLN","Male",44,"Yes","Yes",23,1,"No",0,2,0,"Frequent",12,48.35,"Yes",0
"9764-REAFF","Female",22,"Yes","No",59,1,"5G",0,1,0,"Occasional",24,18.4,"No",0
"9593-CVZKR","Female",20,"Yes","Yes",56,2,"No",0,1,0,"Occasional",24,24.45,"No",0
"0475-RIJEP","Male",51,"No","No",43,2,"Fiber optic",2,2,0,"Frequent",1,77.85,"Yes",0
"7291-CDTMJ","Male",61,"No","No",1,1,"No",0,1,0,"Occasional",1,19.65,"No",0
"5937-EORGB","Male",85,"Yes","No",15,2,"Fiber optic",1,2,1,"Occasional",1,96.5,"No",0
"7730-IUTDZ","Male",45,"No","No",43,1,"Fiber optic",1,2,0,"Frequent",1,75.2,"Yes",0
"0871-OPBXW","Female",22,"No","No",2,1,"No",0,1,0,"Occasional",1,20.05,"No",0
"9640-ZSLDC","Female",39,"Yes","Yes",53,2,"No",0,2,2,"Occasional",12,60.6,"No",0
"7009-PCARS","Male",20,"No","Yes",55,1,"DSL",0,1,0,"Occasional",12,19.1,"No",0
"6987-XQSJT","Female",90,"No","No",54,2,"Fiber optic",2,2,0,"Frequent",1,79.5,"Yes",0
"8260-NGFNY","Female",22,"No","No",1,0,"DSL",0,2,0,"Frequent",1,25.2,"Yes",0
"9317-WZPGV","Female",87,"No","No",2,1,"Fiber optic",0,2,2,"Frequent",1,79.75,"Yes",0
"3230-IUALN","Female",58,"No","No",45,1,"5G",1,3,3,"Occasional",24,81,"No",0
"0562-KBDVM","Female",24,"No","No",70,0,"5G",3,3,0,"Occasional",24,44.6,"No",0
"7054-DMVAS","Male",45,"No","No",54,1,"DSL",3,2,1,"Occasional",24,65.3,"No",0
"5084-OOVCJ","Female",25,"Yes","Yes",17,1,"DSL",1,3,0,"Occasional",1,55.35,"No",0
"8259-DZLIZ","Female",42,"Yes","Yes",64,2,"DSL",2,2,0,"Occasional",12,53.85,"No",0
"1915-OAKWD","Female",35,"No","No",16,1,"5G",0,1,0,"Occasional",12,19.3,"No",0
"8429-XIBUM","Male",28,"No","No",22,1,"No",1,2,3,"Frequent",1,101.35,"Yes",0
"7055-JCGNI","Female",62,"No","No",70,1,"No",3,3,3,"Occasional",24,111.95,"No",0
"1269-FOYWN","Male",35,"No","No",44,1,"No",0,1,0,"Occasional",12,20,"No",0
"9801-NOSHQ","Male",20,"No","Yes",23,1,"No",0,1,0,"Occasional",12,19.8,"No",0
"6599-RCLCJ","Male",49,"Yes","No",47,2,"5G",2,3,3,"Occasional",1,109.55,"Yes",0
"1465-LNTLJ","Male",74,"Yes","No",8,1,"DSL",0,3,2,"Occasional",1,64.4,"No",0
"9822-OAOVB","Female",28,"No","No",1,1,"5G",0,2,2,"Occasional",1,55.45,"No",0
"3411-WLRSQ","Female",72,"Yes","No",3,1,"Fiber optic",2,2,0,"Occasional",1,74.6,"No",0
"5268-DSMNQ","Female",77,"Yes","No",62,2,"5G",2,2,1,"Occasional",12,97.95,"No",0
"9961-JBNMK","Male",66,"No","No",21,1,"DSL",0,2,3,"Frequent",1,96.8,"Yes",0
"6476-YHMGA","Female",43,"Yes","Yes",15,1,"DSL",2,3,3,"Occasional",1,76.5,"No",0
"4009-ALQFH","Female",25,"No","No",25,1,"Fiber optic",2,2,3,"Frequent",1,99.5,"Yes",0
"9039-ZVJDC","Male",65,"No","No",3,1,"No",0,1,0,"Occasional",1,19.1,"No",0
"6982-UQZLY","Female",74,"Yes","No",1,1,"No",0,1,0,"Occasional",1,20.85,"Yes",0
"4299-OPXEJ","Female",48,"No","No",56,1,"No",0,1,0,"Occasional",24,19.55,"No",0
"2808-CHTDM","Female",51,"No","No",23,2,"5G",0,1,0,"Occasional",24,25.1,"No",0
"8591-NXRCV","Female",34,"No","No",41,2,"DSL",1,3,2,"Occasional",1,74.65,"No",0
"8630-QSGXK","Male",55,"Yes","No",51,2,"DSL",0,3,3,"Occasional",24,75.2,"No",0
"1240-HCBOH","Female",62,"No","No",67,2,"No",0,1,0,"Occasional",24,26.1,"No",0
"2408-TZMJL","Male",54,"Yes","No",59,2,"5G",3,2,3,"Frequent",12,110.15,"Yes",0
"5181-OABFK","Female",44,"Yes","Yes",56,1,"DSL",3,2,0,"Occasional",24,61.3,"No",0
"4929-ROART","Male",57,"No","No",18,2,"DSL",1,2,0,"Occasional",1,56.25,"No",0
"6379-RXJRQ","Male",19,"Yes","No",10,1,"Fiber optic",0,2,0,"Frequent",1,70.1,"Yes",0
"0415-MOSGF","Female",29,"No","No",1,1,"No",0,2,0,"Frequent",1,44.4,"Yes",0
"1222-LRYKO","Male",22,"No","Yes",6,2,"No",0,1,0,"Occasional",1,26.35,"No",0
"6963-KQYQB","Female",55,"No","No",70,2,"No",0,1,0,"Occasional",24,24.05,"No",0
"2228-BZDEE","Female",36,"No","No",54,1,"No",0,1,0,"Occasional",24,20.1,"No",0
"4039-HEUNW","Male",67,"Yes","No",36,2,"Fiber optic",2,2,3,"Frequent",1,96.5,"Yes",0
"4565-NLZBV","Female",21,"Yes","No",71,2,"5G",0,1,0,"Occasional",24,24.65,"No",0
"4891-NLUBA","Female",23,"Yes","Yes",61,0,"DSL",2,3,3,"Occasional",24,61.45,"No",0
"4194-WHFCB","Female",21,"Yes","Yes",59,2,"DSL",2,3,2,"Occasional",1,96.65,"No",0
"1116-DXXDF","Male",56,"No","No",39,1,"Fiber optic",1,2,3,"Occasional",24,100.45,"No",0
"6818-WOBHJ","Female",86,"Yes","No",68,2,"5G",2,2,2,"Frequent",1,89.6,"Yes",0
"6876-ADESB","Male",60,"No","Yes",1,1,"DSL",0,2,0,"Frequent",1,48.95,"Yes",0
"2284-VFLKH","Male",30,"Yes","No",49,1,"Fiber optic",0,3,3,"Occasional",12,99.25,"No",0
"0690-SRQID","Male",20,"No","No",4,1,"No",0,1,0,"Occasional",1,19.65,"No",0
"6179-GJPSO","Female",78,"No","No",43,1,"5G",3,3,3,"Occasional",1,108.15,"Yes",0
"2649-HWLYB","Male",34,"Yes","No",65,2,"DSL",1,3,2,"Occasional",24,76.15,"No",0
"0468-YRPXN","Male",33,"No","No",29,1,"Fiber optic",0,3,3,"Occasional",1,98.8,"No",0
"5153-LXKDT","Male",21,"Yes","Yes",68,2,"Fiber optic",3,2,3,"Occasional",24,110.2,"No",0
"0601-WZHJF","Male",37,"Yes","No",14,0,"DSL",0,2,3,"Frequent",1,46.35,"Yes",0
"4077-CROMM","Female",24,"Yes","Yes",31,2,"Fiber optic",0,3,3,"Occasional",1,104.2,"Yes",0
"4123-FCVCB","Female",33,"No","No",12,2,"5G",0,3,3,"Occasional",12,75.85,"No",0
"9095-HFAFX","Female",48,"No","No",5,1,"Fiber optic",0,2,1,"Frequent",1,81,"Yes",0
"2234-EOFPT","Male",60,"Yes","No",72,1,"5G",3,3,3,"Occasional",24,79.35,"No",0
"5624-BQSSA","Female",56,"No","No",1,1,"No",0,1,0,"Occasional",1,20.95,"Yes",0
"4664-NJCMS","Female",41,"Yes","No",33,0,"DSL",1,3,3,"Occasional",24,59.55,"No",0
"5248-RPYWW","Female",85,"Yes","Yes",72,1,"No",3,3,3,"Occasional",24,90.15,"No",0
"9974-JFBHQ","Male",54,"No","Yes",64,1,"Fiber optic",2,3,3,"Occasional",1,99.15,"No",0
"4146-SVFUD","Male",49,"No","No",1,1,"DSL",0,2,0,"Occasional",1,44.6,"No",0
"8944-AILEF","Male",44,"No","No",15,1,"5G",0,1,0,"Occasional",1,19.45,"No",0
"5203-XEHAX","Female",21,"No","No",34,1,"DSL",3,2,2,"Occasional",12,64.35,"No",0
"4581-LNWUM","Female",40,"No","No",13,0,"5G",0,2,3,"Occasional",1,49.15,"No",0
"2097-YVPKN","Male",36,"No","No",65,2,"No",0,1,0,"Occasional",24,25.75,"No",0
"5188-HGMLP","Male",66,"Yes","No",54,2,"Fiber optic",0,2,0,"Occasional",1,74,"No",0
"5641-DMBFJ","Female",52,"Yes","No",58,2,"DSL",1,3,3,"Occasional",24,84.3,"No",0
"0439-IFYUN","Female",72,"No","No",18,1,"Fiber optic",2,2,0,"Occasional",1,74.7,"No",0
"2460-FPSYH","Female",69,"No","No",40,0,"DSL",3,2,3,"Frequent",1,55.8,"Yes",0
"0282-NVSJS","Female",83,"Yes","Yes",12,0,"DSL",0,3,0,"Occasional",1,29.3,"No",0
"3417-TSCIC","Male",44,"No","No",29,0,"DSL",0,2,0,"Occasional",12,24.85,"No",0
"2054-PJOCK","Female",62,"No","No",60,2,"5G",0,3,3,"Occasional",12,80.55,"No",0
"4626-OZDTJ","Female",37,"Yes","No",51,2,"DSL",2,3,3,"Occasional",12,78.65,"No",0
"0197-PNKNK","Female",20,"Yes","Yes",69,1,"DSL",1,2,0,"Occasional",12,84.45,"No",0
"5906-DVAPM","Female",28,"Yes","Yes",55,2,"DSL",3,3,1,"Occasional",12,75,"No",0
"8329-GWVPJ","Female",36,"No","No",50,1,"DSL",0,2,0,"Occasional",1,69.75,"No",0
"1492-KGETH","Male",23,"Yes","Yes",70,2,"DSL",3,3,2,"Occasional",12,78.35,"No",0
"4521-WFJAI","Male",63,"No","No",56,2,"No",0,1,0,"Occasional",24,25.95,"No",0
"9351-HXDMR","Male",49,"Yes","No",72,2,"Fiber optic",1,3,3,"Occasional",24,110.9,"No",0
"5013-SBUIH","Female",30,"No","No",50,1,"No",3,3,3,"Occasional",24,109.65,"Yes",0
"8710-YGLWG","Male",43,"No","No",1,1,"DSL",0,2,0,"Occasional",1,44.9,"No",0
"5669-SRAIP","Female",38,"No","No",5,0,"5G",0,2,2,"Occasional",1,39.5,"Yes",0
"4837-QUSFT","Female",49,"Yes","No",65,2,"No",3,3,1,"Occasional",12,100.15,"No",0
"6352-TWCAU","Female",58,"No","No",35,2,"5G",0,2,1,"Frequent",1,86.45,"Yes",0
"0848-ZGQIJ","Female",58,"Yes","No",16,1,"Fiber optic",2,2,3,"Occasional",1,94.65,"No",0
"9734-UYXQI","Female",23,"No","No",2,2,"5G",0,2,0,"Frequent",1,49.4,"Yes",0
"4480-QQRHC","Female",79,"No","No",8,1,"Fiber optic",0,2,0,"Occasional",1,74.05,"No",0
"8015-IHCGW","Female",26,"Yes","Yes",72,2,"Fiber optic",3,3,3,"Occasional",24,115.5,"No",0
"1032-MAELW","Female",64,"Yes","Yes",68,1,"No",3,3,2,"Occasional",12,78.45,"No",0
"9372-TXXPS","Female",51,"Yes","No",60,1,"No",3,3,0,"Occasional",24,59.85,"No",0
"3658-KIBGF","Female",33,"No","No",1,1,"No",3,2,0,"Frequent",1,54.9,"Yes",0
"4806-HIPDW","Female",46,"Yes","No",1,1,"Fiber optic",0,2,0,"Frequent",1,68.95,"Yes",0
"1513-XNPPH","Female",48,"No","No",12,1,"No",0,3,2,"Occasional",1,89.4,"Yes",0
"3703-KBKZP","Male",69,"No","No",16,2,"Fiber optic",0,2,0,"Occasional",1,74.45,"No",0
"8590-OHDIW","Female",20,"Yes","Yes",38,1,"No",0,1,0,"Occasional",12,20.3,"No",0
"2373-NTKOD","Male",34,"No","No",8,1,"5G",0,2,3,"Occasional",1,66.25,"No",0
"0011-IGKFF","Male",88,"Yes","No",13,1,"Fiber optic",2,2,3,"Frequent",1,98,"Yes",0
"5240-IJOQT","Male",85,"No","No",1,2,"5G",0,2,0,"Frequent",1,74.7,"Yes",0
"9225-BZLNZ","Male",45,"Yes","No",72,2,"5G",3,2,3,"Occasional",24,85.25,"No",0
"1400-WIVLL","Male",58,"Yes","No",57,1,"No",0,3,3,"Occasional",24,107.95,"No",0
"9026-RNUJS","Male",73,"No","No",5,1,"DSL",0,2,0,"Frequent",1,50.35,"Yes",0
"2616-UUTFK","Male",53,"Yes","No",33,2,"DSL",3,2,1,"Occasional",1,72.75,"No",0
"9578-VRMNM","Female",58,"No","No",16,2,"DSL",0,2,2,"Frequent",1,65.2,"Yes",0
"0581-BXBUB","Female",71,"No","No",4,1,"No",2,2,0,"Occasional",1,72.75,"No",0
"9770-KXGQU","Female",53,"No","No",53,2,"Fiber optic",3,2,1,"Occasional",12,98.6,"No",0
"5338-YHWYT","Male",34,"No","Yes",37,1,"DSL",3,3,0,"Occasional",24,61.45,"No",0
"1063-DHQJF","Male",20,"Yes","Yes",69,1,"No",2,3,1,"Occasional",24,92.15,"No",0
"2400-FEQME","Male",36,"No","No",55,1,"No",0,1,0,"Occasional",24,20.5,"No",0
"6008-NAIXK","Male",80,"No","No",54,0,"DSL",2,2,3,"Occasional",12,55.45,"No",0
"4729-XKASR","Male",49,"No","No",1,0,"DSL",0,2,0,"Frequent",1,24.75,"Yes",0
"3948-KXDUF","Male",35,"No","No",66,1,"No",3,3,0,"Occasional",24,68.75,"No",0
"9378-FXTIZ","Female",32,"Yes","No",54,2,"DSL",0,2,3,"Frequent",12,70.15,"Yes",0
"6234-PFPXL","Male",48,"Yes","No",22,2,"5G",1,3,1,"Occasional",1,95.9,"No",0
"1518-VOWAV","Female",59,"No","No",9,1,"DSL",3,2,3,"Frequent",1,74.65,"Yes",0
"2830-LEWOA","Male",33,"Yes","Yes",61,1,"Fiber optic",2,3,3,"Occasional",12,103.9,"No",0
"2205-LPVGL","Male",68,"Yes","Yes",58,2,"Fiber optic",3,3,0,"Occasional",12,89.85,"No",0
"1813-JLKWR","Female",20,"Yes","Yes",64,1,"5G",0,1,0,"Occasional",12,19.8,"No",0
"8344-WFMFH","Male",54,"No","Yes",9,1,"DSL",2,2,0,"Occasional",1,50.1,"No",0
"5057-LCOUI","Female",27,"No","No",39,0,"DSL",0,2,3,"Frequent",1,50.75,"Yes",0
"1137-DGOWI","Female",63,"Yes","No",30,1,"DSL",2,3,2,"Occasional",12,70.25,"No",0
"5630-IXDXV","Female",27,"No","No",47,1,"No",2,2,3,"Occasional",1,106.35,"No",0
"5832-XKAES","Male",33,"No","No",2,1,"Fiber optic",0,2,0,"Frequent",1,69.8,"Yes",0
"3181-MIZBN","Male",39,"No","No",16,1,"No",0,1,0,"Occasional",1,19.75,"No",0
"0318-QUUOB","Male",25,"Yes","No",1,1,"Fiber optic",0,2,1,"Frequent",1,80.55,"Yes",0
"8421-WZOOW","Female",82,"Yes","Yes",57,1,"Fiber optic",2,3,1,"Occasional",1,95.3,"No",0
"3884-HCSWG","Female",31,"No","No",17,1,"No",0,2,0,"Frequent",1,70,"Yes",0
"0859-YGKFW","Male",60,"No","No",18,1,"No",0,1,0,"Occasional",12,20.05,"No",0
"6954-OOYZZ","Male",34,"Yes","No",18,1,"DSL",0,2,0,"Occasional",1,44.35,"No",0
"3327-YBAKM","Female",53,"Yes","No",64,1,"Fiber optic",1,3,3,"Occasional",12,96.9,"No",0
"2972-YDYUW","Female",29,"No","No",57,2,"5G",2,3,2,"Occasional",12,94.7,"No",0
"6769-DCQLI","Male",19,"No","No",52,1,"No",2,3,3,"Occasional",12,105,"Yes",0
"7716-YTYHG","Female",47,"Yes","Yes",48,2,"Fiber optic",0,2,2,"Frequent",12,82.05,"Yes",0
"9799-CAYJJ","Female",65,"Yes","No",2,1,"Fiber optic",0,2,0,"Occasional",1,69.3,"No",0
"3841-CONLJ","Female",43,"No","No",1,0,"DSL",0,2,2,"Occasional",1,35,"No",0
"8920-NAVAY","Male",80,"No","No",62,2,"Fiber optic",2,3,3,"Occasional",12,110.75,"No",0
"0384-LPITE","Male",56,"No","No",40,1,"No",3,2,3,"Occasional",12,62.05,"No",0
"4468-KAZHE","Female",90,"Yes","No",20,1,"5G",2,2,2,"Occasional",1,60,"No",0
"2657-VPXTA","Female",19,"Yes","Yes",10,1,"Fiber optic",0,2,3,"Occasional",1,88.85,"No",0
"6804-GDMOI","Female",31,"No","No",61,2,"Fiber optic",0,3,3,"Occasional",24,106.6,"Yes",0
"4698-KVLLG","Female",81,"No","No",51,1,"No",0,1,0,"Occasional",24,19.6,"No",0
"6416-TVAIH","Male",63,"Yes","Yes",1,1,"Fiber optic",0,2,0,"Frequent",1,68.5,"Yes",0
"5197-YPYBZ","Female",20,"Yes","Yes",12,2,"5G",0,1,0,"Occasional",24,25.25,"No",0
"5372-FBKBN","Female",41,"No","No",21,1,"No",0,1,0,"Occasional",1,20.75,"No",0
"3688-FTHLT","Female",51,"No","No",16,2,"DSL",0,2,2,"Occasional",1,63.05,"No",0
"9360-AHGNL","Female",78,"Yes","No",43,2,"Fiber optic",1,3,3,"Occasional",12,109.55,"Yes",0
"0932-YIXYU","Female",39,"No","No",47,1,"No",0,1,0,"Occasional",24,20.25,"No",0
"0820-FNRNX","Male",26,"Yes","Yes",17,1,"No",2,3,0,"Occasional",1,66.7,"No",0
"4971-PUYQO","Female",53,"No","No",27,2,"Fiber optic",0,2,3,"Frequent",1,94.55,"Yes",0
"7869-ZYDST","Male",57,"Yes","No",31,2,"DSL",0,2,1,"Occasional",1,59.05,"No",0
"1150-FTQGN","Female",61,"Yes","Yes",60,2,"Fiber optic",3,2,1,"Occasional",12,94.15,"No",0
"2615-YVMYX","Male",71,"Yes","No",71,2,"Fiber optic",3,2,3,"Occasional",1,107.5,"No",0
"4558-FANTW","Female",32,"Yes","Yes",17,1,"Fiber optic",1,3,1,"Occasional",1,91.85,"Yes",0
"3563-SVYLG","Male",60,"Yes","Yes",68,1,"DSL",3,3,0,"Occasional",24,62.65,"No",0
"5198-HQAEN","Male",20,"Yes","Yes",35,1,"Fiber optic",2,3,1,"Occasional",12,89.7,"No",0
"2404-JIBFC","Female",53,"Yes","Yes",55,2,"DSL",1,3,3,"Occasional",24,85.1,"No",0
"3976-HXHCE","Male",59,"No","No",72,1,"No",0,1,0,"Occasional",24,19.3,"No",0
"8263-OKETD","Female",40,"No","No",20,2,"DSL",2,3,2,"Occasional",1,68.9,"No",0
"1282-IHQAC","Male",90,"No","No",70,0,"5G",2,2,1,"Occasional",12,44.05,"No",0
"9070-BCKQP","Female",24,"Yes","No",72,2,"Fiber optic",1,3,3,"Occasional",24,110.15,"No",0
"8875-AKBYH","Male",73,"No","No",20,2,"Fiber optic",0,2,1,"Occasional",1,84.35,"No",0
"5619-PTMIK","Female",49,"Yes","No",46,2,"5G",1,2,0,"Occasional",1,53.1,"No",0
"2410-CIYFZ","Male",54,"No","No",2,1,"No",0,1,0,"Occasional",1,20.4,"No",0
"8680-CGLTP","Male",57,"No","No",29,1,"DSL",3,3,0,"Occasional",12,58.75,"No",0
"8617-ENBDS","Male",27,"No","No",3,1,"Fiber optic",0,2,0,"Occasional",1,73.6,"No",0
"3507-GASNP","Male",20,"No","Yes",60,1,"No",0,1,0,"Occasional",24,19.95,"No",0
"5849-ASHZJ","Male",41,"No","No",27,1,"No",0,1,0,"Occasional",12,20.05,"No",0
"4203-QGNZA","Female",20,"No","Yes",28,1,"No",0,1,0,"Occasional",1,20.25,"No",0
"7129-ACFOG","Female",39,"No","No",5,2,"5G",1,2,0,"Occasional",1,53.8,"No",0
"8887-IPQNC","Female",24,"Yes","No",7,1,"5G",0,2,0,"Occasional",1,44.25,"No",0
"5186-EJEGL","Male",41,"No","No",9,1,"DSL",1,3,1,"Occasional",1,69.5,"No",0
"8938-UMKPI","Female",40,"No","No",47,2,"Fiber optic",2,2,3,"Frequent",1,106.4,"Yes",0
"2186-QZEYA","Female",79,"No","No",29,2,"DSL",3,2,0,"Occasional",1,58.55,"No",0
"9985-MWVIX","Female",51,"No","No",1,1,"Fiber optic",0,2,0,"Frequent",1,70.15,"Yes",0
"0742-NXBGR","Female",62,"No","No",1,1,"Fiber optic",2,2,0,"Frequent",1,82.3,"Yes",0
"5995-SNNEW","Male",89,"Yes","No",23,2,"Fiber optic",2,2,3,"Occasional",1,104.45,"No",0
"9588-YRFHY","Male",64,"No","No",49,1,"No",0,1,0,"Occasional",24,19.9,"No",0
"6439-LAJXL","Male",50,"Yes","No",9,1,"5G",3,3,1,"Occasional",1,68.95,"No",0
"4132-KALRO","Female",44,"No","No",4,1,"No",0,3,3,"Occasional",1,100.85,"No",0
"0810-DHDBD","Female",48,"No","No",52,2,"5G",1,3,1,"Occasional",12,74,"No",0
"3001-CBHLQ","Male",82,"Yes","No",32,1,"No",0,3,3,"Occasional",1,104.9,"Yes",0
"5439-WIKXB","Male",77,"Yes","No",41,1,"Fiber optic",2,2,3,"Occasional",1,94.55,"No",0
"5003-XZWWO","Male",52,"Yes","No",71,2,"5G",2,3,3,"Occasional",24,84.2,"No",0
"1025-FALIX","Female",48,"No","No",26,1,"Fiber optic",0,2,0,"Occasional",1,69.05,"No",0
"8631-NBHFZ","Male",67,"Yes","Yes",66,2,"DSL",3,3,1,"Occasional",24,79.4,"Yes",0
"7853-GVUDZ","Female",44,"No","No",1,1,"No",0,1,0,"Occasional",1,20.15,"Yes",0
"1530-ZTDOZ","Female",36,"Yes","No",49,0,"DSL",1,2,1,"Occasional",1,40.65,"No",0
"0654-HMSHN","Male",20,"Yes","Yes",21,2,"Fiber optic",2,2,3,"Frequent",1,104.4,"Yes",0
"2129-ALKBS","Female",19,"Yes","Yes",40,2,"No",0,1,0,"Occasional",1,26.2,"No",0
"8499-BRXTD","Male",35,"No","No",18,1,"5G",0,1,0,"Occasional",12,20.1,"No",0
"2578-JQPHZ","Male",64,"No","No",44,1,"Fiber optic",0,3,3,"Occasional",24,100.1,"No",0
"8894-JVDCV","Female",45,"No","No",62,2,"5G",3,3,3,"Occasional",12,115.05,"No",0
"2275-RBYQS","Female",29,"No","No",1,1,"DSL",0,2,0,"Occasional",1,45.4,"No",0
"7717-BICXI","Male",54,"No","No",60,2,"No",0,1,0,"Occasional",24,20.55,"No",0
"3143-JQEGI","Female",60,"Yes","Yes",13,1,"Fiber optic",0,2,3,"Frequent",1,88.35,"Yes",0
"6017-PPLPX","Male",34,"Yes","Yes",20,1,"Fiber optic",0,2,0,"Frequent",1,70.45,"Yes",0
"9975-SKRNR","Male",53,"No","No",1,1,"No",0,1,0,"Occasional",1,18.9,"No",0
"3190-FZATL","Male",20,"No","Yes",14,1,"5G",0,1,0,"Occasional",1,19.95,"No",0
"4468-YDOVK","Male",23,"No","Yes",5,1,"DSL",0,3,0,"Occasional",1,48.65,"No",0
"4522-XRWWI","Male",37,"Yes","No",42,2,"5G",1,3,3,"Occasional",12,80.45,"No",0
"8039-ACLPL","Female",19,"Yes","Yes",72,1,"5G",3,2,2,"Occasional",24,68.75,"No",0
"9874-QLCLH","Female",29,"Yes","Yes",17,2,"Fiber optic",1,2,3,"Frequent",1,104.2,"Yes",0
"1121-QSIVB","Female",50,"No","Yes",44,2,"DSL",2,2,3,"Occasional",12,77.55,"No",0
"9208-OLGAQ","Female",66,"No","No",18,1,"Fiber optic",0,2,2,"Occasional",1,84.95,"No",0
"6692-YQHXC","Male",47,"No","No",16,1,"No",0,2,0,"Occasional",1,69.95,"No",0
"2430-USGXP","Male",42,"Yes","No",24,1,"No",0,2,3,"Frequent",1,101.05,"Yes",0
"3796-ENZGF","Male",35,"Yes","No",63,2,"DSL",2,3,2,"Occasional",24,67.25,"No",0
"0027-KWYKW","Female",61,"Yes","Yes",23,2,"Fiber optic",0,2,1,"Occasional",1,83.75,"No",0
"7831-QGOXH","Female",32,"No","No",18,2,"5G",0,2,1,"Frequent",1,85.2,"Yes",0
"2581-VKIRT","Female",56,"Yes","Yes",59,2,"DSL",3,3,0,"Occasional",12,65.5,"No",0
"7321-VGNKU","Female",47,"Yes","No",2,1,"5G",0,2,0,"Occasional",1,70.35,"No",0
"8433-WPJTV","Female",73,"Yes","Yes",65,2,"No",0,3,3,"Occasional",12,103.9,"No",0
"0661-WCQNQ","Male",27,"Yes","No",22,1,"DSL",1,3,0,"Occasional",12,56.25,"No",0
"9137-NOQKA","Male",71,"No","No",2,1,"No",0,1,0,"Occasional",1,19.2,"No",0
"2833-SLKDQ","Male",46,"No","No",1,1,"5G",0,2,0,"Frequent",1,45.05,"Yes",0
"5012-YSPJJ","Male",50,"Yes","Yes",31,1,"DSL",0,3,0,"Occasional",1,54.35,"No",0
"6366-XIVKZ","Female",42,"Yes","Yes",13,1,"No",1,2,2,"Occasional",1,63.15,"No",0
"2845-AFFTX","Male",74,"Yes","No",41,1,"No",0,2,3,"Frequent",1,99.8,"Yes",0
"3590-TCXTB","Male",20,"No","No",1,1,"No",0,1,0,"Occasional",1,20.35,"No",0
"1153-GNOLC","Male",61,"No","No",33,0,"5G",2,2,1,"Occasional",12,39.1,"No",0
"3079-BCHLN","Male",21,"Yes","No",47,1,"No",0,1,0,"Occasional",12,19.9,"No",0
"5366-OBVMR","Female",52,"No","No",18,1,"No",0,3,0,"Occasional",1,50.3,"No",0
"3007-FDPEA","Female",21,"No","No",2,1,"No",0,1,0,"Occasional",1,20.7,"No",0
"1599-MMYRQ","Male",43,"Yes","Yes",62,1,"Fiber optic",3,2,0,"Occasional",12,81.45,"No",0
"2573-GYRUU","Male",74,"Yes","No",48,2,"5G",0,2,2,"Occasional",1,91.05,"No",0
"7587-RZNME","Male",49,"No","No",3,1,"DSL",0,2,0,"Frequent",1,43.3,"Yes",0
"4822-NGOCH","Female",22,"No","No",13,1,"No",2,2,0,"Frequent",1,84.45,"Yes",0
"9500-LTVBP","Female",42,"No","No",35,2,"Fiber optic",0,3,0,"Occasional",1,80.05,"No",0
"9572-MTILT","Male",45,"Yes","No",59,2,"Fiber optic",3,3,1,"Occasional",1,106.75,"Yes",0
"0536-ESJEP","Male",49,"Yes","No",54,1,"DSL",3,2,3,"Occasional",24,74.55,"No",0
"9773-PEQBZ","Male",42,"No","No",10,2,"Fiber optic",2,2,0,"Occasional",1,79.85,"No",0
"5062-CJJKH","Male",50,"Yes","Yes",25,1,"DSL",2,2,0,"Occasional",12,53.65,"No",0
"7649-PHJVR","Male",40,"No","No",11,1,"5G",0,1,0,"Occasional",12,19.5,"No",0
"2919-HBCJO","Female",51,"No","No",4,1,"No",2,2,0,"Frequent",1,76.65,"Yes",0
"9388-ZEYVT","Male",46,"No","No",43,0,"DSL",0,3,2,"Occasional",12,44.15,"No",0
"1839-FBNFR","Female",40,"No","No",39,1,"5G",0,1,0,"Occasional",24,19.85,"No",0
"6814-ZPWFQ","Male",19,"No","No",51,2,"No",0,1,0,"Occasional",12,25,"No",0
"6196-HBOBZ","Male",56,"Yes","No",65,2,"Fiber optic",3,2,1,"Occasional",24,99.35,"No",0
"9453-PATOS","Female",30,"Yes","No",72,1,"No",3,3,3,"Occasional",24,85.1,"No",0
"0432-CAJZV","Male",32,"No","No",3,1,"Fiber optic",0,2,3,"Occasional",1,90.7,"No",0
"9644-KVCNC","Female",31,"No","No",66,2,"Fiber optic",0,2,1,"Occasional",12,92.15,"No",0
"1555-HAPSU","Female",40,"No","No",71,2,"No",0,1,0,"Occasional",24,23.9,"No",0
"0716-BQNDX","Male",76,"No","No",57,2,"Fiber optic",1,3,2,"Occasional",24,93.75,"No",0
"3594-BDSOA","Female",40,"No","No",24,1,"DSL",0,1,0,"Occasional",12,20.4,"No",0
"5478-JJVZK","Female",48,"No","No",33,2,"5G",3,2,0,"Occasional",1,60.9,"No",0
"4912-PIGUY","Female",54,"No","No",1,2,"Fiber optic",0,2,1,"Occasional",1,84.6,"No",0
"9896-UYMIE","Male",28,"No","No",66,2,"Fiber optic",3,3,3,"Occasional",12,114.3,"No",0
"3557-HTYWR","Female",32,"No","No",47,2,"DSL",3,3,2,"Occasional",24,74.05,"No",0
"8058-JMEQO","Female",81,"No","No",9,2,"No",0,2,2,"Frequent",1,84.45,"Yes",0
"9943-VSZUV","Male",81,"No","No",67,2,"Fiber optic",0,2,0,"Occasional",1,75.7,"No",0
"7550-WIQVA","Male",60,"Yes","Yes",50,2,"Fiber optic",3,2,3,"Occasional",12,108.25,"No",0
"8727-XDPUD","Male",36,"No","No",37,0,"DSL",0,2,1,"Occasional",24,35.8,"No",0
"4940-KHCWD","Female",21,"Yes","No",60,0,"DSL",3,3,0,"Occasional",24,37.7,"No",0
"0254-FNMCI","Female",27,"No","No",72,1,"Fiber optic",3,3,3,"Occasional",24,109.9,"No",0
"2712-SYWAY","Female",59,"No","No",1,2,"5G",0,1,0,"Occasional",1,25.7,"No",0
"7996-MHXLW","Female",20,"No","No",66,2,"5G",0,1,0,"Occasional",24,25.15,"No",0
"6522-OIQSX","Female",40,"Yes","Yes",69,0,"DSL",2,2,3,"Occasional",24,54.95,"No",0
"8661-BOYNW","Female",35,"Yes","No",72,2,"DSL",1,3,3,"Occasional",24,84.4,"No",0
"9227-YBAXE","Female",50,"Yes","Yes",65,2,"DSL",3,3,3,"Occasional",24,82.5,"No",0
"2952-QAYZF","Male",33,"No","No",5,2,"5G",2,2,0,"Frequent",1,85.3,"Yes",0
"0222-CNVPT","Male",89,"No","No",52,0,"5G",1,2,3,"Occasional",1,48.8,"No",0
"7883-ROJOC","Female",61,"Yes","No",19,1,"No",0,2,0,"Occasional",1,44.9,"No",0
"9360-OMDZZ","Male",61,"No","No",24,2,"Fiber optic",0,2,3,"Occasional",1,94.1,"No",0
"2197-OMWGI","Female",70,"Yes","Yes",68,0,"DSL",2,2,3,"Occasional",24,53,"No",0
"7504-UWHNB","Male",41,"No","No",25,1,"Fiber optic",0,2,0,"Occasional",1,69.75,"No",0
"9432-RUVSL","Female",53,"No","No",48,1,"5G",1,3,3,"Occasional",24,102.5,"No",0
"7643-RCHXS","Female",22,"Yes","Yes",63,1,"5G",0,1,0,"Occasional",24,19.35,"No",0
"4291-HYEBC","Female",90,"Yes","Yes",28,0,"DSL",2,2,2,"Occasional",12,39.1,"No",0
"3244-DCJWY","Female",62,"No","No",1,1,"Fiber optic",0,2,0,"Frequent",1,70.25,"Yes",0
"4237-RLAQD","Male",56,"No","No",1,1,"5G",0,2,0,"Frequent",1,45.85,"Yes",0
"1345-ZUKID","Male",22,"No","No",14,1,"No",0,1,0,"Occasional",12,19.35,"No",0
"9055-MOJJJ","Female",36,"Yes","Yes",64,1,"DSL",1,3,1,"Occasional",12,65.8,"No",0
"3269-ATYWD","Male",88,"No","No",39,1,"No",0,2,3,"Frequent",1,95.65,"Yes",0
"8707-HOEDG","Female",25,"Yes","Yes",70,2,"Fiber optic",2,3,3,"Occasional",24,110.2,"No",0
"8884-ADFVN","Male",82,"Yes","No",7,2,"Fiber optic",0,2,3,"Frequent",1,101.95,"Yes",0
"1322-AGOQM","Male",38,"No","No",46,2,"No",2,2,0,"Frequent",1,30.3,"Yes",0
"8580-AECUZ","Male",76,"No","No",1,1,"DSL",0,2,1,"Occasional",1,79.1,"Yes",0
"8183-ONMXC","Female",42,"No","No",2,1,"5G",0,2,2,"Frequent",1,80.75,"Yes",0
"6867-ACCZI","Female",46,"Yes","Yes",24,0,"DSL",3,3,2,"Occasional",24,52.5,"No",0
"8514-VZHEB","Male",58,"No","No",59,1,"No",0,1,0,"Occasional",24,19.5,"No",0
"5014-GSOUQ","Male",43,"No","No",13,1,"5G",0,1,0,"Occasional",24,19.95,"No",0
"1087-GRUYI","Male",22,"Yes","No",38,1,"5G",0,1,0,"Occasional",24,20.4,"No",0
"2565-JSLRY","Male",50,"No","No",1,2,"No",0,1,0,"Occasional",1,24.05,"Yes",0
"7657-DYEPJ","Male",90,"No","No",38,1,"No",2,3,1,"Occasional",12,70.15,"Yes",0
"8715-KKTFG","Female",35,"Yes","No",61,1,"No",0,3,3,"Occasional",12,103.3,"No",0
"4825-FUREZ","Male",49,"No","No",42,1,"No",0,1,0,"Occasional",24,20.25,"No",0
"9518-RWHZL","Female",32,"No","No",64,2,"5G",0,2,3,"Frequent",12,100.05,"Yes",0
"0943-ZQPXH","Male",48,"Yes","Yes",44,1,"Fiber optic",0,2,3,"Occasional",1,92.95,"No",0
"0584-BJQGZ","Female",60,"No","No",25,2,"DSL",3,3,1,"Occasional",1,78.35,"No",0
"7473-ZBDSN","Female",51,"No","No",14,1,"No",0,1,0,"Occasional",24,18.8,"No",0
"2645-QTLMB","Male",42,"No","No",7,1,"Fiber optic",2,2,3,"Frequent",1,94.25,"Yes",0
"2359-KLTEK","Female",54,"Yes","Yes",41,1,"Fiber optic",0,2,3,"Occasional",1,94.9,"No",0
"2761-OCIAX","Male",81,"No","No",2,1,"5G",2,2,0,"Frequent",1,74.7,"Yes",0
"0772-GYEQQ","Male",35,"No","No",3,1,"No",0,3,1,"Occasional",1,88.35,"Yes",0
"7049-GKVZY","Female",45,"No","No",17,1,"DSL",3,3,3,"Occasional",12,79.85,"No",0
"2495-INZWQ","Male",64,"No","No",4,1,"No",0,2,3,"Frequent",1,44.55,"Yes",0
"3533-UVMOM","Male",56,"Yes","No",68,1,"5G",3,2,2,"Occasional",24,70.95,"No",0
"0508-OOLTO","Female",64,"Yes","Yes",2,1,"Fiber optic",0,2,0,"Occasional",1,71.65,"No",0
"1569-TTNYJ","Male",21,"Yes","No",5,1,"No",2,2,0,"Frequent",1,78.75,"Yes",0
"4397-FRLTA","Female",40,"No","No",4,1,"No",0,1,0,"Occasional",1,20.15,"No",0
"7743-EXURX","Male",35,"Yes","Yes",8,1,"DSL",0,2,0,"Frequent",1,51.05,"Yes",0
"8819-WFGGJ","Male",33,"Yes","No",68,0,"5G",1,2,3,"Occasional",24,54.1,"No",0
"7446-SFAOA","Female",35,"No","No",37,1,"DSL",0,1,0,"Occasional",12,19.85,"No",0
"4683-WYDOU","Male",35,"No","No",62,1,"No",0,3,3,"Occasional",24,107.6,"No",0
"9953-ZMKSM","Male",19,"No","No",63,1,"No",0,1,0,"Occasional",24,25.25,"No",0
"5945-AZYHT","Male",29,"Yes","No",71,1,"No",3,2,3,"Occasional",12,109.6,"No",0
"0769-MURVM","Female",48,"Yes","Yes",72,0,"DSL",3,3,3,"Occasional",24,65.7,"No",0
"5115-GZDEL","Male",20,"No","Yes",72,0,"DSL",3,3,3,"Occasional",24,67.2,"No",0
"0787-LHDYT","Male",40,"No","No",16,1,"No",0,1,0,"Occasional",1,20.6,"No",0
"8150-QUDFX","Male",21,"No","No",2,1,"No",0,1,0,"Occasional",1,19.85,"No",0
"6397-JNZZG","Female",71,"Yes","No",43,1,"No",2,2,3,"Frequent",1,55.55,"Yes",0
"0567-GGCAC","Female",47,"No","No",7,1,"No",3,2,0,"Occasional",1,61.4,"No",0
"1092-WPIVQ","Female",47,"No","No",18,2,"No",0,1,0,"Occasional",24,25.1,"No",0
"6210-KBBPI","Male",72,"No","No",9,2,"Fiber optic",2,2,3,"Frequent",1,99.45,"Yes",0
"4094-NSEDU","Female",71,"No","No",21,2,"5G",0,2,3,"Frequent",1,94.25,"Yes",0
"0320-DWVTU","Female",42,"No","No",53,1,"No",3,3,2,"Occasional",24,99.5,"No",0
"4817-KEQSP","Female",45,"No","No",71,1,"No",0,1,0,"Occasional",24,19.85,"No",0
"4667-OHGKG","Male",38,"No","No",1,1,"No",0,1,0,"Occasional",1,19.3,"Yes",0
"1705-GUHPV","Female",46,"No","No",63,2,"No",0,1,0,"Occasional",24,24.2,"No",0
"3537-RYBHH","Female",88,"Yes","No",47,2,"5G",3,2,0,"Occasional",1,67.45,"No",0
"2080-GKCWQ","Male",21,"No","No",2,1,"Fiber optic",2,2,0,"Occasional",1,74.95,"No",0
"5136-GFPMB","Male",54,"No","No",54,2,"Fiber optic",0,2,2,"Occasional",1,89.4,"No",0
"5732-IKGQH","Male",79,"Yes","No",52,1,"5G",1,3,3,"Occasional",12,104.45,"No",0
"3374-LXDEV","Female",24,"No","No",13,2,"Fiber optic",2,3,0,"Occasional",1,89.4,"Yes",0
"5419-JPRRN","Male",25,"No","No",1,2,"Fiber optic",0,2,3,"Frequent",1,101.45,"Yes",0
"3165-HDOEW","Male",26,"Yes","Yes",1,1,"5G",0,2,0,"Frequent",1,45.85,"Yes",0
"9173-IVZVP","Female",21,"Yes","Yes",53,1,"No",0,1,0,"Occasional",24,20.9,"No",0
"1113-IUJYX","Female",58,"No","No",14,1,"Fiber optic",3,3,3,"Occasional",12,105.95,"Yes",0
"1349-WXNGG","Male",58,"No","No",1,1,"DSL",0,1,0,"Occasional",1,20.05,"Yes",0
"7994-XIRTR","Male",80,"No","No",54,1,"DSL",0,3,2,"Occasional",12,65.25,"No",0
"2159-TURXX","Male",49,"No","No",5,1,"No",0,1,0,"Occasional",1,20.05,"No",0
"6253-WRFHY","Male",57,"Yes","Yes",13,1,"DSL",0,2,3,"Occasional",12,64.75,"No",0
"5275-SQEIZ","Male",48,"No","No",1,1,"Fiber optic",0,2,2,"Frequent",1,80.85,"Yes",0
